11212121111112111111111111111111211121211111111221211221111211211111121211211111121211211222111121121
11112111211111121211121111121121112212111121111112211121121122211112111111121111121111212111122122112
12211212211111221211211211111111121121211112111212112121111111121112211121211111211111111111221112111
11111111221111112111111122111122211211111111112211211121222221112211112122211111121111112111211121221
11211111112111222111111112122121211121121112111211211111111111121212122121221211112122121111111111112
21221111221111121111111122121121211222112121112111111111212121212211221112111211111111111122211211211
21112112211122211111122122111212111111112121111111111211112112111211112221211111122211111212111112111
21122111111111111222211111212211211111221111212111122121112111121121111112122121111111112211111212211
21211112221121122112112111111121211211221211211111111112211211112212211121211111111111211211112111111
11111111121121121111212121111122112122111211111121112112111222211221111212211222111122111111112221211
22222222111212111122112212211211221121212121111112111112111111112111221221212121111111112211122111111
12111222111122111121112121111211211111111111122211111221111211122111111121111212211222111111211211112
22221112111121111212121211212121111111112111112121112111211112111221121112121112111111121221111211211
11212121111112221211111121122221121111211221121112222111122112122212112111121111121212122221112111111
21121112121212112211112111121111211111121112111211111122122222221211111211111122112122111112111222111
11211112221121111212111211122122212111122111221111211111111121111111111111212111111111112112211111212
11122121211112112112111112111122211121121121121212112121111111111121111121111122212112111121122112112
11211111112112112112121111112221111222121211111212112111122212211111121111211111111112111122112212111
11111211112111212112221112211122112212121211212111221222111121112211211121111112121121121122111112211
11112112111211211211211121122222121121211111121112122121111212221212111111122111121121121111121112111
11112111212111112121221111112111112111221112111211211112111121121111111121111222212112121111121112121
21211121111112121111121211212212111211111121121212212112111211111111111122112211121222221211112121212
11212111122111111111121221112121112111122212111211112111121111121222112112121112211211112121211211211
11121111111111111211111121111221112221111111212112122211111111221122111111112111221112112211121112111
21121111111212122111121122112211111111111111111122111112212111111121112111211121211212112222111211211
11211221212121221122111211121211111111112221221111112212112112121111211111111111221122211121111112111
21212111111111121111111111111112222121121111111112211111121112221121112111112111111111112121112221212
11111121111111121111111112111112111111111212121221221111112111111211222111121221122111121121212112121
12121112121111222111111111112222211221112121211111112221121111112111111211111112121121212112111221112
22111211112121111211121111121121121212111121111122111111121122111111221221111211111121122111111112111
11111111211121121121111221221122211221111111221112112111211121111121111111221111111111211111122111111
11111111111121122111111121111121111212121212211111112111112122112221111122111111211111112121211111111
21112111111111111212121112211111112111111222111112221211221112111111211211111122211112121211121112211
12111111111111221121111111111111112121122112221211112211121111111111122212111121111222111212112111111
21112212121211111111111112211121221121112121112212111112211121221212221122112111121111211221212211111
11112111212121121112122111111112111211212112211111221111111221111111112121211111211111111121121122111
12112111111211211112211221112121211211112111121112121111112211111111111221111121111211111111221111121
12112112222121112121111111111211212111212212111112211221121111121111211111121122122122111122121222111
11111112111211211112211112111122121112211121221121112111211211122112111211222211211121212221212111111
11212111211111121111122112111112111211111122112121111211222111112122112111111112111122111211121211112
11211111111112212111111211111211112211212121211121121111111221222112112222112112211111111221111121121
11211111121221111121212122111211212121111111211111211211111122111111211121221112112211221112112221112
11111222211121112111211211121112211111111112211211121122212111122111122121121111111111211111111111211
21111122111121211211111211122211111221112122111111112121111121121122211211221121211111111212111111211
11112112111111212121122112112111111111111211111212211111212121121111211211111222112122112121211222111
12121221111211211212211211111211121111112212211111121212122112111212112112111211111121121211111112112
12111112111112211122111212111111211212211121212111122222121111111211212121111112112111111211121121111
11111112212111111211112111121122111122111211111212111121122112121121111111111122111112121111111211111
11111121111111111112121122112111111121111121112122111112112211111111221111112211112112112112211112211
22112111211211111111111111111211111211111121111111121211111221122122212211212111112121211111212111111
12111111211112221111112111121122112122111121111121221111111111112121121121211111121121211211211211121
12222111211122111221111111121112111211122112111111122222211212111222112121112112121112111221112111112
12121121212112121122211112211211122111211111212221112121212112211111221212122211111211211211112111111
11212111122111121111121211222222111111212221121121121221121121111212111111121221121211212121211221122
11211212112121112111212111122111122111211112111111112122112111211122111211111112112111111212112111111
11221211111111111112122111211111112112112211111121121111121112212222121211111211121111221221112111221
11221221111111121221211111111111111121221111211222121211111112111211111111211211111121211211111111111
21121211122111112111111122112211111111112112211112211211221211111122112111111222211122121221111211111
12121112122221112111112111112111111121111212111121121112211121121111221111111112111211221211112111111
21211111111111121211121222112212111111111121121121121221112111111211211111111221111111111122121211212
11121212121212111111211111211122111111212111121111222221112112211121121111211121112211112121111111222
12112121211211111112112211122111111211212122111111111121111111112212111121121111111222112211112121111
11211111111111121122121121121211121111221211212211111111121121212111211111212121111211111111112111221
11122121212212122211121122111111121111211111221212111111111222212112211122212111211212211211111211221
22211111111211121111211211221111111211221211111121212112112111111111221111121111111112111121112111111
11111111111111111111211212111112111112211112122121111112111112122112121111112111112111222121112111121
11111112112221111111121122121211111211212112121121211121211111121212222111111112111221121112211111111
11111112121111111211111112111212121212111111212222112211211211222112111111212112112111212121221111111
11121111111222111111111112112121212112111122212112121112111121211212211112211211111111121121111121211
11211111211111222111222221212112112121111111112111212112211221111112121122111121111111111111112121221
12221121221121111111221111121111111111111122111222211211211111122211111221121211211112112222212121112
11112122112121111121112121211111222111222111221121212111212111111211121211122112211121122211111111212
11112211121111111222111111111111221111212211212211112111122112112111111112111221112211111221212211111
21111121112122112111111221211121122111112211211111111111111112111211111122211112112122112212121111211
11211212222111121111111122111111111111112112112211111121121211111211111111211211211111112111121111211
11211121111111121111112111121111121121111212211111211112211112121211211122212121112111111111121111221
11111212111112111112121211121111121222212121111121111211221211112121221211221112211111112111211122121
12211111111211111112211211211121111112111122121211211122211121211111211121211112111111112111112111121
21111221212222111111211212111121211212112112121212121111111121211121112211211121111121121211111121112
21111211111121111112121111211112121111221121211121112121211111111121221121111112121111111112121211111
11111211221122111111221111111111122111221212121111112111112111211121212111112111211121121111211112111
12111221212111112111111122122111111111111121122121112212111121111122121222111111212211121111111111111
11211111121111111122121112112112111211111111111122111211111121111121121211211121121121211121212212211
11121222212212121121111111111121111111122122111122211111111111111121112112112211212121111212122121122
11111211112112211212211121111111222112111111121111111111221111112111211221121221111221121122221111112
22211112111112221212111112122111221211121111111111211111122121212111121111221212121111111121212212221
21111111221122112121111112121112112122112221211121111111111122211111111112112121122121111111121112111
11111211111211211122111121122111211112112122221111111122211111111222121221111111212212111111111111112
11111111111121122111212111221111111121111212111111211111211112122112122112212111111211212222212121221
21221112221111111211112111121112221222221111122121112122222211111111211112121211111221111111111221111
11112111111211211211211111111112111212211111121121221111112221111111211112122121121112122212112122122
11111211211111112111111122111111122221212221122122121122212111212121211111111211212221111112111211211
22211211111122122211112112111112212111111111121211211211112111111112111121122111111111121221211211111
11111211121111211121121121112111111211112112221112111111211212211111212121212121112112111112111122111
11221111122111111111111121111111111121111111121112221122111111121222112111111112121221121121221111111
12111112121112111211111121211121111111112122211111111121121122111112222111211121111111211122111212111
21121221112122111211111111221121112112211112122122111111211111122111111212111111121122211211112122122
11112111111221121111111111212211122212111111121121121221121122111111111121121111222122211111111221111
11111112212211121211222111111221111121111112112121122121111111111211211111111112111121211221222211111
21112112111111222221111111121121111112112111111112121111111112111111211221111121111121121111121212122
12111121111111111111212111211121111111221111121111121211121211122121112121121121121111121111211121221
