11211121111211121211111111211111112111111121111111111222212112211111112111211221111111211121211211211
11212111211121111111121111211111112122112112111221121111111212112121111122121211121211122212211212111
11111112211111111111211111112112111211111221211121111211111112211111112111211211112111112211211111112
22211221121211212121212221111212112212221211211111212212211211111211111121211111121112111112122121222
11211111121211211111111112222212211111211111112112111121111221111112111211121212111221111211111111211
12111111122211212112111121212121111112111111211112121121121111111112111111111111121111111111112112121
21211211111112211211111222111111111121111211111222122111122211111122111211111121211111112122111112211
21212211111121121111211111221111221221121121221111211122111211221211111111111221121211112112111221211
11111211112121212121121212112122112212121112211111111111111122111122211112111211211212112112121111112
11121211121121222111211121221212211111111111111111112121121211111121222111112111211111211211111121111
21111211122111122111112211211212211122122111112111111212112111111211122212111112111112111211211111112
12112111112212221121222111111121121111112111121221211211221111112211221111121111111211212111112121111
21111221211111211112111121211211121212111121211112121112221121122111111121221111111211111221121221222
11211111111212112111111211221211211111221111111111211211122111121211121211221211211211111112112112111
11111111121212111111111111211112211112111211211221222122111122111122122211112212111211111112111111221
21111111121112112212122112121122111211111111111221212121112111211111112112211122212111111211211111211
11111112111112121122211111211222111121112111211122211212211111121111111221111211111112121111211211122
11121111222112122211121111122112212212112121121121112221211112122121122211112211122111121112211221112
12111222122121211111111112211111111111121121122221221112211112112111111212121111112122111211121111111
21122111111222112111121121121121212112112112121121111111112111111111122111111111121112211212111221211
11121111111211211221211111121121121111111111211111121112111112112111121211111111211111121122111122121
21212111221111122112111111111111111111222111111121112111211221221212122211111112111122122221111111221
11111122111121111222121111111121111111121111111122111112111212221111112221121121121221111211111111111
11122112121112121112122111121111122212111112111221111112111111112111111111222112221211122211111111121
22111121211111121122121121111111121211122211111221212111211112112112111211111112111111111111112111112
11111111211112112111211112121111112121111112211112111211121211121121112111122111112122111112221121112
11222121122212112112112111121121121111112122121112111112112121112212111111111111111111121221221212111
21121111111122121111112221211122111121211112121211222111111111112211111112112111121111112111221111121
11111111221111111122111111211111121111111222111111111211222111211111111121112221112221121122111111112
22111211212212121211111212212111211211122111111112222211111122222111212222221112122121111111211122111
12111211111121211121211121112122122112121111212211112112111111112111211111111212112111111112111122121
21111112211212111211111111211112121111111111211122111111112111111121111111221222221112212112111211111
21121121112111111212111211122111111221212111111211221111222122121111111112221211212211111112112111111
11212212112111211221121111212111211222111111111121112111211122111212111212112112111221212122111121111
11212111212121121211111112211111111212121112211221121121211122112211111211111112121112211221111111111
11211111112122211112111121111121212211211111211111111111111111121111111211121111121112211112112212121
22211112211211122111122112112112221221212112222121211212112211111111121112221111111121121111111112221
11111111221121212112211112112111111111121111112111111111111112121211111112111211111111121211111211211
12211111111111112211211212121211211121222221121221111211211121212221112221211222121211121111212211111
12211111111121111121111221112212211111111112211111112121212112111111112111122112112111111121121111121
11111112122221221112221121111122111221121111122121111212211112121111122111212111111111211211121111222
21221121211122122221221221111221111111111111211111121111211111122112121121211112211121111222211211112
11112111211211122111222212112111111111211111112111112121111111212121111212112211212122112111112111222
22112112111112111112111211111112112121212122111211111221111121211121121211211121111221211111111111111
12111121111112111112111121222112111212111112112111111112211211112111121111212221211211111112211111211
11111121112121111112111111111211121112111222121111122111111121121111221211211212111111111112212121112
11121112112121121121111121111111112212121112111111111212111221211112121221211121221111112112221122121
12221112111112211111211111221121111112221121111111211111221222111112221221211111211212121111121111211
22111221111212111212121212112111111121121111211211121211211212211112122112221212211111112211211211121
11221111111112111121111221112111111111111111211121122112111111111222121112111112212112222122211111221
11211122121222211212112212121121111122211121111212121112112111122212211111111221121112211211211111111
12212221211211112211121121111211111112221212111111111111222112211112111211111212112111121121211222112
12212112121111122221121121121111112111121111122212211111121222111111112221211211112211122212122211112
21111212221221211111111221212112211212121111111111212121111112212211111121122111111111121211111222121
21111211111111211111112211122111212112111211211122112112111111121112211211121211211111111111122212121
21211211121112112121212111111111112222111222111121111112211112112211211212111221211121221111112121112
11111111221211211111212221121112111221211111211212111111111111111111111211211121111221122112121221112
11111111111121111221111212211112121111122111112111112211112121111111121111221211122111121112211111112
12111111112111112112211122111221121111111112111121111111111221212122211221222121111122111112211111121
12211112111221112112121212111122112112111111111111111222211121211121221111212121112121111211112121111
11221112221111122111221122111111222211221122221211111122112111122111112121121121211212221211112111121
11111111121112111112221112211112111112122111221121111221121121111211122111111211211212211111121112211
22111211112111122121111111221111111122111211112122112111222111111111211211211212112112211212111112121
11121211111121111111221221211211111111211111121112211111112212211111211122211212111111211121111112112
12122211111111121111111112122111122111111111112221212121112121111211111222111111112211211111212211221
11211121212211111121121111111112111111111211211121111211111112211121211112112111222111221111111111212
21112111112111122121111121111111121111112211122111121112111122112211121111211111112112122212111212121
12112112111111121112221111221121121122122111111212121211221222121121221111111121111121121111212211212
11112121221211111112111221112111121111212111211121111111221112121111111112121111121211111221121212211
22111211112111211211111122121211111221111111111112111211122112121121111112112121211121121221221221121
21111112111221221111111211111111111211111111111112221211111111111121211211112211111221121111111112111
22112121212212211112112121111121121111211222111121121211111112112112111111121211112211112112112111111
11221221111112111211122111121111111121221211122211121122111221112211121112111111211111122111211221111
11212111112212121221111112111112112121212111111212121211111121111212111221111111111211111121111111121
12111111212221111112121211111111212111112211112112111211111211111121121211111111111111111121122211222
11121211111112111211111122111111111111121112211111112211111111112222121212212211111111211211222111111
11111111212111121111112212121121121111122112121111111112211121111111122212221212112211222211111122212
22222111121121121212112111111112122112212122112112111121221112211122221112111211112211121121121111112
11111111111112112121112211111112111211112111211112122121121111211111112212221121212111111111211111111
21211112112112111212122111111211222211112122211221112111111212111221221212122221122111111122121112212
21221211111221111212121112111211221212122111111121111212212111112112111111121211111211121121111112121
11211111122122111112121111112211111111111211122111211121111111111111111112112112221112211121111111212
11112211212111111121111211112211221122221121212211112112121211211111211212211211121111111211122111211
11111221121111121111211111122121111211212212112111121222112121112112112211211121112111111211211112121
12112122112112111211111111211112121112111112221111211111122221121121211112212111211211112111111211221
11112122212121211221121211122221211122211211211111121112111112212111111212111112221122111211111121121
11212111212111111112212112211212112121122111211121221221112121212112211111212111111122212112121212211
21211111121211111111111121112111112211212222111112122121111121211111121222111112111111212111121221111
21211111211112111122111212111111111112112112121111121211121111221212121211121111211211121111112111212
12111111111221211121211111112111211111111112122121121121112111121111212112121122121211112121111112112
11111112111212122221221221121122111211112111111112122112211111111111211111112121211121111112111111221
12121111122211122112211122111212111221222121122121211211122111112112121211211122111111211111111121111
11222111122211121111122212121111111112211211121111112111112111111112111111112121111112222111121121121
12211222221122111112111111112221112111112112211212121121121111211211211112111112211121111111111211211
11111212122111112121122122112111112211121112111111111111111211111211112221112211111211111211121111112
11121211111111111111221111211121121221111211111121112122122111111211111211211121212122211221122111111
21111211122112111111111212111121211211211121112111111221111121112212111121121111211211111111111111112
11222121211121121122112111121212111221211221111111111121111112221111122111121222212111121121111111211
11112211221112212211211121112111111211212122211212111112221211112112122121112112121112111111121111111
11111121212112121122111121111111211111111211111111121121211112111221121111112111121121111211211222111
11121111121111111122111212121211111111112112111211112212111112121112111112111211121112111121211111211
