11211212221212112112112122111111111211111112111211121121122111211111111211111111221111111111111122111
11111111111111112111211212111121221111111112121111112112211112112121112112211211111212111211121212112
12111111211211222111112222121222111121211121211121212221221222111121111112211112111221112121112111211
11111112211221112111111112122112111212211211221111211221211111211112111111221122211221111112111121212
22112211121211111212211121111121211211121111121111221111112211121122111111211121121111112211211111121
12112111111112111212112211112111111111111211111112111211111211111112121211111122221111211111111121211
12112121121111211111111111111211122111222211111221212112111221112211111222112112112211111111111211221
21211121111121111112112111221211111111122111111221221211122111211211112112112111111212111122222111211
11122212112212111111112211121211121121211112211112111111121121111111111121111111212211111121211111211
11112112111211121211212211111122121111111121121111211221121221111211112211122111212111111121121212222
11221112111112111222121121121121111221111112112111221211222122211111111111222122211122111111212121111
11121111222112111212112112221212121122211121111211122211111211112111221111111221112212111112211122212
21111111112221222121111221111111211112121121112111211111122211211211121211211111212211212211111111111
11121111121111122111112112212111111111211111212211112112111122212111121111121121122211211122111222222
12111111211111211212111211221221111122211212121211111212112111111211211121221122111112121221111221111
11221121121211111222111111121111111211222211212111111211112212211112112212122111221211112111121111121
12112112111211112111221121211111211111112121222122221111211112121211122111112112112111221211122121211
12212121221112211111112211121122111211122111121111212111212121121111112211211112121122111111222121111
11111111211111121111111122211111112111111112112112111212112221221121121112111111111111121111112111121
11111111212221111111111112222211211122122112122111112112121111111222111211211211112111122112212211222
12111211121111111111111121121121121121211212111122211111221211111112121122122211122222122111211221111
21212112111212111122111212111121122111212111122111111211112211211121112221112211121111112212212111112
21111112121211221111221122111111121111122121121211121111212121121111122122111211211112121111122112121
12112112211122122112111221121212121111121121122121112212212111111121112212111112112222111222122112221
11112111111111111211112122111112121112111121111211121111211121211211111111112211221211112211211112112
11221112221111111212121122121111212122121111112211122112111222112111111111121112111111112122111111121
11221112111211212111111211111111221111112211111122111112121211212111121122111121221111121221221111112
11211121122112212111112111211111212112212111111111111121112211111212212212111111211111121112212111111
22121111112111211112121211121111121112212111112222111121112122121111121121112111121112122121211111122
21211211212121121111121111112211111111111122211111112111112221112111211112111122211211221111112112121
11211112121111121111211212121122211211112111112122112211111111122222221111222111121121121121121211211
11111222211121112121121111111111111221111111111121211111112211111221112112121122211111112121112121212
11221111121112122111211211111112212121112121221221111111212111111121111122121211112122111121211121212
12111111111121112112111111111111122221211111112112211122111212112122112111211121122111111211121112112
11111122121112112211111121111211111111111121112112211211121112111111122111112122111111222111111121112
11111212112112122111212111111121111221112212111121112211121121211122121121121111111122211212211111121
21112111112111121211211112112121122111111212121221221212211112122112121111111111122121111111111111221
12211211121211212211211211111111212211111221111111212211111111111111212111212111112121121111211211111
12111112211211111112112122212112112211121211121121211111112112121121111121111111222121211211122212222
22111121112121111212221121112122212111111121111112211121211111112112112111221111121111111211112111111
12111211211212212111111111111111211112111122121111211111112112211121112111111111111122212111122211212
11122111111121111111111111211122111222111111111211112211111111121221112111111111211111111211111212111
11211111111212211111212121221112111221111112112111112221212111111112222112112111121122112111112112212
11121111111211111111121211121111112211121112112112111112212111111121121211212111121111111111111112211
11112122211211121111122112111111122112121221212111112121212111111212211121111111211121211211111111111
11111211212112212122112111211212121111111222111211111121112112121221122111121111111221211211112112111
11111112111112112111112222111112211212111112212121111222221211121122212221111121112111111211111211111
21121112122121111121121121211212221111111111112111111111111211211112111221121111211121211111211212212
11121211111112122211211112111221111211111211211212121111212212121122111111222111111111211211121122111
12121111112211111112121221112111211221211111121222212111111211112121121112211121111111112112212221111
11111111111211122111112211111121121222211122222221121221211111112211122111111111111211111112211211111
11211111211111111111111221111211211211112221111111212211121111112121212221122111211121121111121212111
22212112121122122222121211112111212112111122211221112111111221221211111121111111212212112112112111112
11121112112111221111111112211112112211111121211212121221111121111111122121111212111111211111221212112
12111112121111111212112221221211111212122121122112121112211112122212112112112121121121121111111111212
21211112221221122111121211112111111211121121111221121122221112122122121111111112111212211121112122211
11112111121112111221111111121112111221211121112121111121111112212111112111112112111222111122112121122
11111112111212111211222121121111111111211112122121112111111112211111222111111121112121221121112111112
11111111111112122112111111112111211221111111111111211112112111211211212112211122211212122121112112111
11111111121111211112121111211111112111111211121111121111211112211121112112111111111112111221122111221
21112111212111111112112212112111212111212111212111111112111211121112121111111111121111111121212221121
11211111212111111112211121111212111112111112222111121111112111112221211111211112111111212111111111111
11111122111122111112212111221111211111121212112111221111121121221111221112112221111212111211121211111
11121121121112111111222111212121111212112112112121111111212212211212111112112112111112112111212111111
11211111112121111111121111211212111112122111112211111211211122121111211211221122121222112211111112121
12111111111121211121222211112121111111122111111221111211221121211211122211211112111112221211121112111
12111121122221111111111212122112112121212212111112111221111111221112211221111112212111112112211211211
11112112122111221211122121112112111221122121122112111211111212211111212121112211121222211211111111112
11111211211112111111121112121111112111112211121112111121221111111211211211211122121121111212111221111
11112121211111111111121221121212111121121111111111211222211211211211221222111111111212112122112111121
11111121111111111122111211211211112111121111121211112112111211121211111111111112111211111121121212121
21211111111112111121121212112111112121111111122111111112122222211112211212211211111121111112111112111
11122211112111122111111122111112121121111111121221221111111111121121211111221111121111221111121122221
22111122111122121122211111112111111211111112221111111222211121112111111121211121122122111111111221111
12112111111211211212111222112111121111211121112111121121122211121211212221121111111111111212211112121
21211121122121211121121212212121112211212112112121111111111212112112212112111111111211112112111212111
12112111122122211111121112121111211112112122111111111211122111221112112111121212122211121222111121121
22111121121122112111211111121111111122112111211111212211221211211211111212121212211112121121112221211
11221211221211111222121111211211112211111111111112211121211122111111122111121211221211112121121121211
11111111111211211111111112211211111111111121111111111121211212121111121112212122111221211121111112121
11121111112211111121122111211211211112111121122122211111211111111111121121121221111111121121221111122
11112221112112121221221112122111121211121212212111112211112111111111112111121122211121111111212121211
11121111121211112211121221111111111111111121121212112122121111121111111111111111121211221112122111111
21122112112211122111111111121121211112122111212211122111111111121112212111222221121221122211211121121
11111111121112111111211111112211121111221221121122111212121111111221111111211211211211111221111211211
11212221212111211122111121211111112111111211111121111111111111112122211111212211121221212122111111212
11212111111221222111111111112122111122111211121121211121121111122111111212121211121121112111211111112
21211121221111111212222121112111212121211111211121121221111112211211211121121211122111222112212212121
11121111121222112211111111221112112111111111111111121211111221211111212111111111122112112122112211211
12211112221111112211121112112111111111112121111212121111222112211112121122111111111211221121212122111
11211111211111121121111112111111111111211111111121111111212211212122212111112112112122111121112111111
11111211122211112221111111112211211212112111112121111122211121211211211112122121112112111221211121111
12111111211121112111111211211121121221111211111121211111111121211211111111111112211112211111212121121
21121111121211111111111112112111111111211112111121111111112111111111111111212211111212111111111111112
11211111112111112221121121212122111222212211112211121211111221221121112112111111121112211111111112212
21111211221111121122221121211121111112112111212111111111111211112211111111112111222112211211111111121
11112122121212121212122111212121112112111121211111121211222121112121222212121122111122112111111111212
12111121112212112111212111111212111121112111212121212111121111111212212211121121212112211212111121111
11111211111112211111122211211121111122111111111112111111121221222211221221111121211112111212111111221
11112111111111121221221121111121212221121111212121122222121112121112121111211111112212111211211211111
21111122112111121212111111111111221121111111111221121111111211121211111111112111112211121212211122112
