11122211211111121212112112111211111211211111221112121111112111111122211111121111221221112111212121212
12111111111111112211111121112122111122211222112111112122121112221121211121112211111112111112111112211
21111111111112122121212111112111111112111112111111212222221112211212111211121112111211211211211121111
21212112112121122121121121111111111111111121111212211111112221121112221211112111221111211111211121221
12212112112222111112112121112111212112112211111221212112112211112111112121121211111122112121211121111
21212221221111211221221211121111112121112112212121222111111121212111121221211111111112221111122112121
12121111221112121112111221212111211211111211112212121121222211111112111111221111112211122111111111111
21211212211211111212221112122112111112211211211212122111222121111212111211121212111122111121111111121
11112121111112211111111112121112122111121112121112111121111111121111221112111111111112111112211121111
22111111211111122121111221111211121211211112211111111112211111112111121221111111111121111212121212111
11111111211212121121222111112111112112111112111211122211111111121111211121211112222111111212122111111
11111111111112111111211121211112112111122212211121121222111211112111111211121111211112112122111122112
21111121112212111111221121112111111211111221211111222111221111121212221112222121111121112212111211111
12211221211211112211222111211111211121112112121121211221112211111111121111111111111111111211111111221
21121211121112212212211111121111222112111211211221111111112121111211111112111221122211111111212111221
11111212111111112111121111111122121112111111111122111122222211221111112112221111112121121111112111112
11221211111111112121222222111212211211122111211211121111111111221111111112111122121221112212211211211
11211112221122111211112211222111211111121211211221121121111211211221211122112222121221211211112211111
21121112121211111121211121111121211121112111212121222111121122111212111211112111112211111221111211112
21121112122111221112111211112211221111122121111221212121111121221211121211111221111122111212122111212
12112212112111112121111111112112221121211121111111121111111122121111111211121221112111121221112111111
11112111112111221212111112211221111111211111111111112222111111112222121112111111111112111121111222211
12111222111111121122212111221121211111112221112111222122111122111211121221111121121121111112221122112
12111112112112122121122211111112211212122111211111221111111221121211112212211111112111112221212111221
11211112212111211111111211111122112112121211111111121211121211121121111121211111111111121121112111222
11111211111211121211112122111111112122121122112112111111222212122211122111121221212222122121121211112
22212111121121212211122121111112111111221221111122212111111111111111221211121111121122211211212211121
11111221111121121222211112121111112111111111112111111221111122122112211221221121212121211112211111222
21112111122121111121112112111122221111221122221112111211111111121212111112111211221121121111121222111
22211121221112121211111212111211121212212111211121212121121111211212221212111212211112112121211121112
11221121211211211211222211112222211112121111111112122211111111211221111111112111122121111111121212121
11111121121211222211212211111121111111221111211111121111112111211212121111222112121211211111121211111
21122111222111211122112211112111212121111112211111211121211111211212211211212211212112111211221211121
11211121212111111121111111111112111121121211111212111121211111211111112221111121221112122111122111111
12211121221121121121111211111111111212111221111211112112211111111111111111112111111212112111111222122
21211121111121112112212212222121211111112211121221111112222112111122111111211211112122111111211112121
12111121121111121111211211212111112112111212111111121211112221121111112122111211111111112111111121112
11121112112121122111112212121112212122111112121122112111221121112112111111111121111111111112111111122
11112221122111211111111121211222111121211111211211122111111222121111111111211112121121111222111211111
12211111111111122221112122111112122212222212121112111112121111112221211112211121111112111111111121121
21122211211111111112111211211111211111121211112111111112111212112212212211211112211121212121122111111
21112112111111122111111122211211212221121111221112211112111111111112111111212111211112112211121111111
22111111111122111111112111121112222111122111211111112122112111212112121212111112212112111221221111221
11111111112211221111121112111121112211121112112122111211211112111221121121111212111211121111111111211
21112111111222121211112111121111121121121212221121111212111211111112111111112112111121111111122211121
11112112111111211121111211111112111112111111211211211121211112221211111121111122122121212221221121112
21211221111112121122222111211121112221122112211111221121121221111122211111211111111221122112121112121
11111112212211121111121111212221112111121211211211221211211121211221111112121111122111112121221211111
11211121111222111211121121112111112111211122211112121221122121111111121111121121121111211211211111112
11122111121112111121111121221112211211211221121121112111121121112122121211121111212112112111111111112
22111111111121111111111111111111122121212111121111121211111121211121111112212111112111121111112111112
12111221122211111112111112111122111221122122111211121211111112122211111212111121212211121221211211221
21111111111211211211211122211111111211221112111111212111121212111111211111121212112221211211121122211
11122111212122211111111111211221111222111111121121112121111121111111221111111111212111212111121111111
12111111212221112222122122111121122112111111211122112221211111221111211211121121122111112122121111121
11211111121111211121112122111112111111121121112111221221111222211122211112121111211111121112112121121
11221111111121211111111121112111112211212121221112111221121111222211122112111111221211111112211212122
12111111121221111111121212111211122212221221111121111112112111112121111121221111112121111212111111211
11211211212121111222121112121121211111111221111111122111122122121111211111211211112121211221121222122
11211212122121221121211121111211211111212111112112112111122112112212111122221121111121111111211111111
22112221111211121211111112211121211111112112111111211121211121112121111121121221211112121111121111112
11211122211121111112111111121211211112111112112211211122121211121212121121111121121111221122111111121
21221111122111111121112222121111111121111112111222211111112212111221111121112111211111111111111211211
11111111111112111111111121111121221111121112111111211121111111112111212112212221111111221111121111221
11121111121111211111111111121111211121111111122212112211121211111112111121212111111211111111111111111
11111111112121211121111121111111211211111111211111111111211221111211111122121222121222112212112111112
12222221111121121111121112212121121222121112111112212122121222121221111111112111122121121211121221112
11111212221111221112222211221111122211112111112111121111212111212111112111212121111112112111122112121
11121121111122112122212111111211221111122121121212111122111212121211211121211111112111112211111111112
21221111121221111111211111221211211111121121112111111211112111211111121221111211112121111111211221111
11122112111122112112122121111212111121221112111212121221122121122122121121121111122112111221121112211
11121111111111121112112112121221121121111111221111212211111111112211121212121111121211111111112112211
11211111211212221212211211111121111121222112122121211111111221212111111111111121111112211121212121122
12112121211211112211111211211111121111121111221212111211222211211111112111211221211122211112111112121
21121221222121112111211112221121111212221122112121111111111112111211112221112112111121221212111112122
12221121111111112222211211111121121122111111122111112111211112121121111122212111121111112111111122211
11111111212121111112211121111111121111211211111112111112111111211122121211112121111121122121121111122
11112222222221112111211121211112112111111122122122112111111222211111121111121121122111211112221112211
21211121121111211112111111211212122121111112221111222111211211112221111122221221111221211211111222112
12221111221112112121111121121121211212122111221111121212121211112221111112112112111121221111121211122
21112122121122111121111111222111211122111111112111111121211211112111112221111211211111112121121112111
12222111211111111211211212111111221111112221211221111111111121112211121111111221221111211112121112121
21111111112211111111222111212111121212111121121211111211221111221211212111112111211112111111211111112
22111111111111211211111111221121211221211111122111112111211211112111212111111111121212211122211122112
11121121211211122212111211122111112122111212211211222121221112221112221221212212111111121121221121112
12121122212111211121212112111111111121111111121121211111211121211112112211221111111212121121211111111
11221121212111111112112121111221111121122112211121212112111222111111111111112211112111112111212112111
21121111212222111112211112122111111111111122111111121111121112222111122111112121211222121111221222111
12111121111111111111221122111212222112122211211111111112112221122111112122111211111121111221121112112
12111112211121211211221121111111221111121112211111111112111121221111111211121121111111111121211121111
11111122121221111111122211111212122111211122111111112211112111221212212222122112211212211111111211111
21111121121111121211121221112112111211211111111211121122111211111111211112111122111121111212221111212
11211212112111122121212111111112111111111111212111112122121111212112222212211111111112111122111111121
11212211121111111122111112111211111121112211211111211211211221212121121121111221112111121111121112211
11112112121112111111212211122111211112122122121111111211221122212121121111212112221121111121211111111
12121221111211221112121121112121111111121212111211111112111121212121111222111111122212112111111121211
11212212222221111221221221211211121221211221122111111111111212112111212121112121112111111212112111122
11211112121111122111121211211212212122111121212111112111121112111211122211121111111111212111211111121
11211211211122221121121111211122121121211211111121111112111211121211111111112111221122111121222211111
22211112111122121112211111111112111122121211211211111112112211221111111111121211211212112121111112111
11111111121211122111111111112121211212111121211111211121111112121222222122112111111111111121212111112
