11121211121122121121212121111221121212221112111211111121121111121112112212111211111112112212122111211
11211221121111111212111112222111121111121211111222111111221122112211121111211222112111112111211221121
22111111221111111111211111211112111212211211111112112221111111222221111111112211212121211212211111211
11121212211211111121221121112221211121121122121111211221111211111111111211121212211111111121211221111
21112111111112212211112111111211221121121112111111122122111221111112112211212111221122121122112121111
11121111122211122111212111211111112121122212112112211111111111111112111111212112211211111111111111122
11112112122111121122121211122122111111121212111112111221212111121111112112121111121111222121121112211
21221121112121111111212211112122111212112111111111211121111111111111111112111212111211122111212211212
11112111212111122211121122221111111121111112112211111211211121221121112111221112112112112111211211121
21111111121111212121111121112121211112121111111112211212121221111211211121121112111111121121211121111
21211111111121122121211111121122111112121121121211111111112121122212122211111111121111212112121112112
11111221111111111111111212121111212221111112221221211121211111112111111221222111112212121221212111121
11112212222211212122111121111221222121112112111112122121221111222121211111111111111111222112111221111
21211121122111121121221121111111221221221111221211211111211111121111112212121212111121111112121112212
12111111111111121121211211112112211111111121121121122112211212121111122111111111111212112212111111211
11211121112222112111122112211111112121121121211121211112221121121112221211111221121111211121111212111
11212111111111111111111111111211121112121111112111211222111112111111111122212112211121112111111211121
12121111111111121111121111111121221111111212111112122112211121122211112221111211212111211212111212221
11122212112112111121112112111121121112111112112112111111211111221221211122211211112111211121211121221
11221112121121212221112122111111122112211111111112111112121112111121111121122111221221121221121121121
11111211111211111211222122211111211112111111112221212211121111112121111212121112211111111211111111111
11111121112211111221111111121212111211122111121112112221112121111112121111111111122111112111121121221
21121211111121212112212111222211111211111211112221121112121212111211221111111212211111111112112112121
11211112211111111121211112111121211121212121111111111122111111112112111111121111211221122121211212121
12121111111111112121111112121111211122122221211122112111111111112111111121121212221122121211121111112
12111111111111112121111122111212112111111111122112111211111112111211111221111112111112112211112111121
11111121222111111222111122121111212212111111112112112111211111221211211111211111122121211111221211111
21212111111111111212111111122112112111211211222222112121112112111111111111121111122121212121112121111
12112111121111121121111211212211112112112221211112111211222111212111111112211121111212112122111211221
11121211111111111111111222121221221122111111211121211112211122111122121112121111121111211211211111211
11112122211111111121211122121211111122112111111221112122111111212212121111111112111111111121211211212
11111211111211212111211122111111121112111111111111111211121111221222111111111222111111112211211211211
11112122211121111211111212111112122221112111221111121111211211121211211221111111221112121122111112122
22211111112111121211112121111211111111111121121111221111112221111111112111111211111111121111211111111
21221111112121211121211111112111111121221122211111211221222111211121212111211222211112211111212111111
12112122211211112112111221121122211112121112211212112212111212212111111111111111121111112111122111111
11112221121111111111212121111211221211111111111111111111112111111111111111112121211212221111121111111
11112212111212121112111111211122112112111111121111222111111121112121112221211111111122111221221212111
22111122112221111121221121121121111111111122111112122111112211111111111111111211111111221122111112211
11111211222121112112111112111112121221112111121122112112111112221111111211221221112221111212112111121
21211122212111121221212221211112212111121111111212221121112112121111112122111221121111111121111111111
11112111211111111211111111222111121122122111122211211212121111111111211111111222121111111111111121112
11111122122211212112111211111111211111212122221111211111221112211111211111212211211212221121121111122
11111111212111122111121122111111121111111111111221211111111112221111222111122112222112211111211211111
11111111222111112111111121111111112112221121212111211122211111122111211112221111111112121121211112112
12111122111221211111111111222111211112111111211211212122111111122112111211112111111111111112111121112
12122111121111112212111212211211112221112121111112121212121211121111121111111121221111112111112212212
11111111111122121122111111121111111121221111221211212221121211121211112111212211111121211221111211111
21121211111112112111111111211212221212112112111221111112112112212112111121111112222211111212212121111
11211121111212211111111111111111111211111122211111111212112111111111211111111111211122112222211111111
21212112111212111111111121121111221121111111211212121212121211111122211111111111111111121111111111111
11211221111211111112212111111111221112111211111112222112111111111111221221221111111111111211121111112
12111111112121121212121222112121111112121112112111111111122121121222111121121122111121112112222112111
21112112111221221222111111111111111221221111111221111121112112112221121111211212112111122112111212212
21111212111211111111121112111221111112111111111121112111112111211112112111212121112212211111211121111
11121211111111112212112111221111121211112121121212212221211111111111111212111111111212121211211211111
21111212211121121212221122212122112111112111111111212122111211121121121111211112111121211121112112121
21112212112111111211111111121212111121122111111212121112121111121112111111122112211112111121111121111
21221211121122211121121211222122121111212212121221211211221111111112111111112212221221111221111222112
12112221222111121212212111111111211212112111222112111121212221121122111121112121122111122211221111211
12111112211112112121211112121121211111111211111112121121222111111122111111211121111211111121111111111
11222111111121221212112111211111111121112111111111112211211211112111111112212211112221121221121111111
12211112111122112111111211111111221111211111111211112121121211111121121222111112211111212111111111221
11111111111212121212211212111112111111112122111221121112112112121111111112112112122222221112112222111
12121211111111111112212111211122112111111112111111211122122111121111211112211122122112112111211111111
12211221111211211111111212121112112111111121111212122121221111211111211211111212122122111211221112122
22122211111222111111121121111221111111121212121121211111111221111111112112121111122211212212211122112
21211111121111111112212211111212111211111111212122111111112212121112212111111111111212112211121221111
22121111112221111121121121122111221111211111111212221111121122111111112111111121121112211221211212112
12112212111111211211111112212112211221111211111121111111211211112122112121111211121212112121221211112
11222111111111121211111111112211211111222122222111121121112221211111121121112211111121121112112121111
11111112221212121112111121211111111211121211122111112211111111112211122112212112111111211112221111111
12211211111111222111211211112121221121112111111111211111121121112211111211111112112211121111211211211
11211211112111211112112121121222222111111111112211111112111111112111111221112111122111111211111211121
22121112112111211211111221111111111121111111121111111222111111121221221111111111111111211211112121211
21211212111211111212112112211211111122121212111211111111221111111111211121111212211111211212121122111
11121112211111121111111111112211111111211111122111121111221111112111111221122111112111111211112122112
11121211211122111121111121221222112121111122122221122111111111122111112112111211212121211211211111111
11111221111111211221121211121111212111211111111212111211112122221112111112111122111111211221122121121
12121211112211111122112211121122111221221111111211111112111111212111211221212111111111122211111111121
12211111211111111121211112212111111122111112212111111111211121221121211211111121211111112112111122221
11112112211111112121122212121211212121121212211221111211111121121112212221111221111211121121211111111
21112111121111122211111221212111211221212111112122111111111212111221111111111212111211111111121222211
21221212111111111111212111121121121222212111211112111211221121121111121111112121121111212221111112111
12111111111111222111111212121212112112111111121212211111121111111112121212121221111121111221111111111
12111111111111222111211111112211121122211121121212221111111111112112121111121111111111121212111111111
21121121211121111111112121121112221211111111111212112111112112211211112222212111212212111111211112112
12112111111111211111111111112211111112211212111112121111111111111221121112111111111112112121211221111
22121211212122111211112121121221121221121121112121112121111211121121111122111111211122111211222211211
11111112211221222111112111111122111111112121122111121112211111112221111211221122121111111111112121112
11111211122112111111111112111221111211111211111112122111221111211111211121112111111211112112211112121
12212111221211122111112111121211112111111212211121111111221112112121112222212112212121111112122222112
12211112211121221111112111112111112111212121111111111111121212112222111112211121222111211212111212111
11211121221121121112211111211121112112211111212111112222112211112111122111111112211111111221111111111
11111122111112112111111122112211112121111112121111211112221111112111111122211222111212121211112212121
21111111111111111212121121121121111111212211111121221111221211121112111221121212212111112112211112211
11121111111212121121111221112221112111111111121211121111111111121111111211112211211111111111112222111
11111111222121111111111111221111112112122121111112112212112221112112111111111111111121211112111221211
21211111111221211112211211221111121111121221111211211211211211111111112121222112211111221111111111112
21112211212211111122121211211111221111111112121211121211111112111111111111121222111111112121121112121
11112111121112111112211121111211111112111112121112211112112111211121212111111111212221211112211111111
