11111221112211211121112111121211211121121111121121111111111111112212211211111221112111111211111122111
11211111111211122112211211111221111111121111221111111111112111121212111222211111222111221111211111111
11211111112111111221111211112211212121112121111212111221111212121112122121121111211221121111111111222
21211111111112111212111111111211111111122112211121212111111211111212222122111112111211212111121111112
12122211211111111122121121111211111112212111112211211212111112122211111211112221212121121111111121211
21211211111121111211111111111211112112111121111111211211212121111122111212112111111111111112111212111
22111211111112211121111121211111221112112112212211112111111111222112111121211112212121111122111211222
11122211211111121111112111111112121212111111121111121121221111121111222111221111121112111111221111211
11111222122111221111221211111222112112111111111111111111122112111121212221111121111222111212221121111
11221112222121111111211112111121112111111112211212222121111111221222112121122122112112111212111111111
22211212112111112221122211112111111221211111221122121111212111122111122212111111111111121121111121112
12211111211112111111111211211111111221212111121121112112221111212112121221112111111221111111212121121
21222211211111111221121121121111211122121211211211122112112111121211112121212111212121111111211111112
11212121111111111212111211111222111121112111121112121112112111222121221122112121112111212211112111211
11211211121211121212112111121211211111211111121112111112212122211111111111122111111211112122212221111
11111212222112111111121111112111212111211212122111121211111121111111112211121112111212211211112212122
11211121112111212222221111122112111121111111111111111121111222112222211211111111121111122111211221111
12111222111221122212111111112111221111122121122121211111111111121212211112111111111221211111122121111
11112111222122211112121111221211111211111211111111112111121111211112111111112222212121111111112112221
21221121111212122111112111111111111212211121121211111111111121111111111122111221111211111112122121111
12111222112111212121121112122111111112112112111221111221121111221211122211112222111111222121111111111
12221112111111221122111121111221121111121111211111122211111211121112112111112111211112112111111111121
21111111212111111211211211122112112121112112212111121121111121122111121221111122111121122111121121121
11112221112122122211211111121111121221111111111111121112122211211111111122211121111121211111111121111
21211121111121121212111211111111111112111111111111112222211111212111212111111212211111121222111112112
21121111221111112211122122112212112112111111111211112111222121122222221111121111111111111211111112211
12121121121112111211121111111211122111211111111112112122112121111211111111111111111211211111111212112
11121212112112111111112111111111112211111212121111112211111121211221112111112212111222121121121111111
11121122112121121111111112211112112122211221212111211211122111112121111211222111211121121121221111222
11212111112121111211121211121211111112111221112112122221111111211111111111111121121211111112121111211
12121211212211111112121111111221111211111111121122121122112111111211121111112211112211111111121112212
11112111221112221121111121112212121122111111112121111211112111111111111111111111221112211112111212121
21111111112111211111111112111112111211221112111111111111112111112121111112122111121221111121111122221
11121121212111111222112111211111211211121211112112121212211121211111111111211111212121121111112221112
22111111111211112111211112122121211221111112211211211212112212112111111112211112211111121111222111121
11212111111111112211121112121121111212121111111121211211221211111111211112122112112121121111121112211
11112211112222111122121121211221122111111211111121221112112211122112111121211212121112221121211111122
11211221111121122221221111121111121111212221211121111111111111111212121122122111111111121221112111111
21111221111111112122212111111211111121211111211112111211211111111112112112121211121111111112112112221
12222121111111221211111211221111112111111121111221121211211111121211211111212122111111111211121112212
11111111111111122111221111222112112111111221112121221121111112111122211211111121221211211121112212121
11112111211111111111112111111111121111112111221211121211111111111212111111121211111212211212111211211
22111111112111111211111111211112221112112112112111111111211121122211121211111111111112212211111111121
22211121211112112211221121111221211111112112111122211212112121111112111112121121211121222111121111121
11111121111111121121211221121111121112211211121111111111111112111112112121111111111122111211211111111
21111111221111111122121221121212112112112112122111112121211211221121111121111221111112111221121111112
12111112212111121112121111112122121211121111112111112112111212112111221122221111121111211111211212111
21121211111111211211111112211211212111111121221212111212111211211111111111211211111121221212111121121
11111112211211112121211211121221212112211111121211112111122211212121111212111211111121221122211111111
21111222211122121111111121111122121111221111211111111211122221112111111121211121111212111221121211121
22112111111112111211111111111121221111211212111112111112111111212111211121221112212221122221111111212
11121211112122221111111222211212111111121111211112111121212211111112211111211111122112212112111112111
11112121211211112222111112111221212111111111121212111111111211111111122111211121111111111211112211212
11212111111111221212111111222111112112222111222111221221211212111111111121112111211112112111111111211
22212121112212111221212112111112221212121112211111122111121122111112112121111111122212221112112221121
21221122111111112111211121212111112221121111111211111211211212122212111111111111121111212112111111221
11122222111212111221121111121112221112111222211112221122211122122111121111211121121211121111111111222
21211212221111111111111211112221211111122221121211111112111212111211111111211212211121221121211221211
12211211221121111122111212211222111111111121122111211121121111211111121112121122111121211122111112112
21212122111222122112112111111112121211221112111211112112111111112111121211111211111211212111111111112
21212221222111211221221221111111111211212122112121111122112111121112222112111211211112121221221221211
12121112111121112121122111211112111121211112121212111111212212111112111112212112111111222212211212212
12122122111111111212221122121111211111211212211111111111121111211211111112111221112121111211211111211
11111111111121111111112122122122122111112111111211111112211111111122111121121111111111111222111211212
21211211111111212222111111111111121122211121212112112211112111121122121111121211111221111121121112121
11121122111212122211112111112111112121111111211111211111211111211112212121122111112121111112121222112
12222111111122111112111111121112111111121111111111111122212121111112111111121221211212221111111112112
11212122221211211111112112121211122111211112111111121121211121121112112211212222111112211111212112121
21111122112211111111112211111221211211121211121121212111111111111221211111111111111112112111221112111
11121111221112111121111221112112122121221211121212111121121111111111111111221121121111212111211112211
21111211121221222211111111111121111211111111112111212121111112112221211111111121111121122112221212211
11112111212212111122111211211211112221121211111111111111111111212122222111111111121211211111121111111
22111122122212112121222111121111111121121221111111112121111212121112112111111111121111111111121212112
11111122211121212121111111211121121212211211111122112111111112112111111111111121121112111212121121111
11122211111111111112121111111212112112122112111212111211211112111121212121111111211112111111212112111
11221212111111111212111111111122111111111211122111212121111211111112121112112222211112112211112111111
11211121121121112111121211111111211112121211211111121211121122111211211121111211112211121211122111111
22111211112111212121122112122211121111112111111211121111211112111121211112211211111121211122111121112
11111122121212111112111211111112221212121112111122221112211221111111111111111111211111111111112211122
12121111211112211112121111211112122212211212221221211122111211211211111112111211211211111121112211111
21122122111211121111111211121111111121111111221211111121222222212111112111121111111112112211111112111
21121122111221121211211211211112122121222122211222112112122112211212121221122211211111211212212111122
21111111121112111121111221211112211211121122122112122112211111211111211111111111111222211111212221212
11111111211211211121111111211112111111211212111112112222121211112112211111211111111211121221211121221
11221111112121112211111211121111222222111122122111212111111112111111112111111211212122111221121111111
21222111121111111121111111111111112121121122121111121121111111112122111111121111112111121212111211122
22111112122112212211112211111221111111211121211111111122121211221121111111111122112122111111111211121
11121111212122121121121111211111111111211111211211111121122111111111212111112111121111211211122211211
11212211211211112211111112112222121211221121211111211111211111121111121121111121111212111121111222111
21211121211211121212111121211121111111111211111222222111111111122111111111212221111121111212121111121
21122221212121212121111122111211121111112121212211112211211221221112122111111111111112112122112221111
11112111111111111212211212212212111111211111111211122121112111111111121211111122122121212212121111111
11121122121111112112111122121111121221211111221112111112222211111211211212211122121212121111122121121
11111211212111111112111212221111111211111112121121111212111111121112111112111112111111111212111121111
12111111222112111121111121111112212111211111111111111221122211211111112211111211211211122121111212112
21112211111111111112111211212112112212111112211212111121111122211111221111212111121111111121111111111
12211211112111112111111212112112111111112111221111111222111112211211121111111111111111121212111121121
11212121111112111221122111111112211221211111221111212111211122121111112111211111211112111111112111111
11121111111111111111111121111111111121122221111112211111122111121111122112112111111112112222221121121
11122111112221211112111212211112122122111122111111111122212211221112111111112121111211211111111221112
11121112111111212121221121111111211112122111121121212112121111121111222221111111122121212111111112111
