11112112211111221121211111122111111112111211121211211111121121122111111212111212211122111111121112121
21122121211111221111111112112211112122111121222111111112212111121112122121111112112111112111211112111
11111111211111121122111111212211211212221211111111111112121111112111111111112222111221121222111221122
11112111221111211111211111121111112111121111122211112111112111221111221111111111121212112121112221112
12111121121121111211111122211111121121212112211122121211121112111121211121211221211211111212111111211
21211112112122111211112111111111111111221221111111121111111221111121111211112111211111111211221111212
12122122111111111111121212112112111112111111222111222221112122121121212212211211111111221211112111111
11121121211121222112211211121221112111211122111111112212211211111111122112111112111111112122122122112
11111221221211111112111112111111111111211111111121112121112211211111112221221212111211111111122111122
11111121112112111112212111111111211211111121111221221111112111111211112111211221222112111111212121221
11112111212211212211121121211211112111121111112212121211112121211111112112111121212111112211111212111
11112212122111121221211211122111111121111211121112111211211211211111111111122121212111221111211111111
21112111211211112111222111111212122111121122222112122122111111111122121111121111111121111212122111211
12112121111111121122111221111121111121211112111111121211112121111211121111211121211221111111221212112
21121112111211122211112121111221211111212112121111112111121212121111212111222111221111211211212112111
11121122121111111212211111112121211211121111111111111122121121212111111111111211112221111211212111111
12112211121111121221121211111111112122111121111112111121221112222111112211111121122111212112111221112
11111112111111221111112212211111121212121111111112111112121122112121111111122121211111111221111111111
11111111111121221121211112112211121211221111121112111111212221112111111111111212212121112121111211111
12221111111111111221121111111212112111111212111111121111111211211111212221212111112111121111122111111
22121221112221112212111112111212121112211112211222112212111111211112111211111122112112211111111121212
11221111211111221111112121222211112122111112111211211121111112111221122112211111111211211121112121111
11111112122212112112111212122121221121122211222111121112211212211212111221111212121111111211122211111
11121211211112222111111111111221111111211112222211111211121111112111111121111121111122212211121121111
11112111111121211111112121211111121212112112111121111112122111111121111111111122212212221111221211121
21221112121121212111122111212112112221111111111111111112211111122111112121111211111221111211111121111
11111212212112122111111111112212111111121111211121112212121111111111111111111111121112112112111111121
11221121111212111111112111112112221111212221111112111111111212121121111112112221112111112111211122222
11111211111211212121112221111111112211221121111122211112211111111111111111111111211112212112121111111
22121111122121111111122122121112112211112111121111112121212211122112112111111112122211112121111111111
21211211111111112112121111111111112111112112111111211211212121121221112111211112112122112211112221221
11211211211111211122121111112222121112111211112122112121122111111112221112111112122112112212122221211
21111121221212111112112122111111121121122121221111112111121111112211211212212221112121111121121111221
11222121211112211122111121111111211221211111211221111112111121221212121212211212221111121111111122111
11111111112111212221111111212211112111112112111112112112221122111212212112112111211112121112121111112
12111121121121121122121112221122211112121212112211111112111122211112211211112112222212121211111111111
21211112211111111112221212122211122111112121211122122121212121111121111111112111112112112211121111211
12212112112111112111211122211111221222111112211111122121211111111211211222111111221111211212212122112
11111111211111111111111111111111121111212121211111221112121111111121111111111112112121121121121111222
12221222212212211221122111121212111121212121111121111111112111112122111121111211211112212211121211111
11121121111111211111112111121112211111121111121121221111112111111121211111112112121121121111211211211
11122111112111111122211211111112211111212111111121111121112112121212111222212111112222111112112111111
12211111212112212211111121111221121112112121211112112212211121212212211221211111121111121112122111211
11212111111111121121112112211221111112111111222112111121111111222111121111111111211112211121112111211
11111111121122121111121121111211211111121221111121221121121122111111111121112111121111112211122112122
21121221111221122111221111111111212221222122111111112221121111111111221111111221122211121221112111221
21111111211111211111121211111211121111211111111221212212211111112111121222221111121111111112212211221
12222111121112211121211111111111111211121121122111112211111112112212211121222211111221121121111111111
11212111121111111121211211212111221221121111121122121212121221122111211211212211122111211221122111221
11112111111111212212121111112111121122111121121122111111122111111221112111111111122112111111111121112
11211112111112211221212211112222111111211111111211111111112211221111111111112121112211112111121121112
11211121211122112121212121212112211112121111111111111211121212121121112111221111111112212112111111111
11211111112111211221221112121112112121111111211221111221111121211111111211112111111212111211121111111
21112122111221221112111111221111121111121211211211111111112112121121221111211111111111211111211111112
12111211212112111211221212221112111112211211112112111112211121221121112211211211111111122111111212121
11111212212122112211111211111112121111211211111111111211112112212112112112112212212212111112111221122
22222221221211121121111221212111212111221222111122111121122112121211112111211111111111111121111211121
11121112211111111111112122111211221221112211111121122212211111221211112112121111111111111111121111112
12121121121112212121111111222212211111111112121211111111111112211111111112121121111121111111211112112
12111111221111212212111111121221111111112222211111221111112111111211211221211111111112221112111212111
11211111112211221111122121112112221111112111112111222112111121211121121211212221122211111221112111111
11112111221122122221112211121211211111111211211111112111111111111121221111111111211212222111111111122
12212111111111111211112112211112122111211111122121221111211211111212212211222211121111112111111121111
11122111211122111112221211111212121111212111111121111222121112121211212212111111211211111221211211111
11111111211112112121211211221111211111111111111111221112212111221121111121111121112211112122112112121
21121121212111221111221122121111211121111211111112111211111112211122121111211211211212111122111111221
12211111112112111111112111121211211112212222111121211111222121121111111121212211212112111121111112111
11121221212212211111111111122111121212111121211111112111122111111111121221111212111212221111211122111
12221111211121112211112111111211212111221211111111221111112121111111111112111111122111111112111112221
22212111112112211122212111111121122112211111111211111111111111111211211211111121111111121111122212112
11121112121111111212121111111211211112122112211122122111121222111111221121121212112121111112111111121
21111112122111211121111221111111111111121111111112111112212111111112121111111211112122111211112211111
22211111111111221222221122112221221121112111112111212111211121211211211211121112221122212211111111212
12121122211111122211221111111112211212111112121111112121111111111211211111111222111211112211112211221
11211112221112122211111211211211111111111122112221121211121112111121111211122211212112211121111212121
21111111111221111111111111112211211121212211111111111112111211121111122112111111111211211122221111211
11211111121212212121111211222212111221112122121111212111221111121111111111111111122111122211121211121
11112121121221111111211111211221112111111111112221111111211212111212112222211111111121121111111111111
11122111121111111121111122111122211121212122212112111211111111111111211121121111111112211112111121111
12111112211211122121221211112122121122121221121111221122111111111111221212222212111222111122112211111
11111111211112212112111121212212112112111112221122111112121111111112211221111122121121221122221112212
21221111211212111111212111111111211111111211221111122111121111121221221112211111211111212211112121111
21112111111112121211112111211111111111111111211122221211111121111112121121211111111121112211221111121
11111221111121111111121111112111121121211212111111111112122221122121111121211211111112211122112121211
12222111111111211121111111112221111211212111112111212112121111111121121111111111212112111121111211111
11221211111211221111212221111111121212211211112212121111111111122112112222111112111121111111211111211
12121111112111111111111111112211111211211111222111121212111111221221212111121112211111121211111221211
22112212122211212211211122211112112211211111111112112212221111111112111112211111121111112111121221112
12221111111111112212211112112112211111121212211111111111112211211111211111111111111211121111111111111
11111111211211212212111221121221112211111121121221121211111121211121221112122111111112122112111112211
21112212112111111111111111211111211212122211111121111111111211211211121211112112212212111111211121111
12121111211111221222112221111222112121211121222112122112111111211121111111111111111111211121121111122
11122112211121212111111111111121112111222221112111211112112111111122211111121121112211211111211111111
11212221112111121111112211112112221121112111221111111111112112121211121112112121221221121111111221122
21211211111121212211121111111121211121111211121112112112121111112111121111122211111111111221121111121
21212111111221111111121111111211112111112121211211112112211112121111211211111212112111211111121221111
11111221121211222121221211112111111111112111111112121212112212211111111111211121111221222111121212112
11211221111221111212111221112111221111111211111211112111221112111111111111111111121211111121112112221
12122121212111112122212121121122111121122222212111121111211111121211121121121211112122221121211221111
11112212112122121111121112121121111111211111211212212111111111121112221111111211121211112112111121211
11121212121221111212122111211111121121112111112211111111121211112121112211121111111221221111122111211
