11112111211111122111112211222112221211211121111111211121111211112121121112111111111111111211121122121
11121121112121211111111211111111111211111121121112111211112122212111111122121111121111212222121211221
12111222211121111121221112111121111121211122121212111222112112111211121112212112111112121122112112121
11211112111212111111211121112122111122211111111121111112121111112121121211112111212112111111121111221
12111211221111221121211211111122122121222112111112121211112112111211221111111121122122111111112111121
11112111121111111212211221121121122111121111111111211111121112121211211121112211111212111221111112212
11111112121111121112122121111112111212211112111111221112211121121111111111212111211111211212221111111
12122111111122211212212221111111111121221221111211121122111111111111111111212111221112111122221121122
22211211122112211122121212121111122111121122121121212121211121221121112221211121111111112121111122111
11212211121111121122111111111121112111111111211211111111111111212111222111121211111122111121111121111
21111111112111121211211112112121111111121211221221111111211212221112211121211111111111112111111111221
21111221112122111122212121122111121211121111111122222112111111111112222111211111212212211111111111121
11111111121121111111121121112111212121211111112111111111111111211111112211122121122112121111121111111
22212111121221121121121221111121212121112212211111111112121221121111111112111221211121211111111112212
11121111111221122111212111212121111221121111222121121111112111211221112211122111111122111212211121211
11121221112112111121121112211211111212211211221111111111111121112221222121121211121122212211211112111
11112111221111112211212111212212211112121111112121112211111111111121212111111211122121111111111121212
11211121111212111211121112111111122111111112121112121111211112111212212111211211112221212111211212112
11122212221111111222212212111111121211111111111112112112111111121121221211222112221111112221111111111
12111121111211211211111111211111111111122211111121111112112111111111112112211211211111111111211111121
12211121221221122221122111121211111111111111111211121111111212111122221121222111211111222211112111122
11111121121111111122211111121211121211121112111112211112111121111121111212111111221112112111112211112
11112211221221212121222111121111222112111212211111112112121212111111111221211121122111111221112212111
11111121121111121211121112121112112111112111122111111111111211211111212121212111112211211112211111111
22112112111112112211211112121111212211111112221211111211112111111111211211211112122112211122111221211
11111212221111121111121212112112212121122112221112211111111111121121111212211111122121221112121121122
22112121111211112111121111121121111111122211121212212112112212121221212111221211212121111211111111212
11222211111111112122112112112211112111121211211111211111111121112111211111111112221111211212111111122
11211122121111111111112112211111121221111111111222121211222212211111211211211211111111112112112211111
22221111121212212111111211211111111121211111211112111121211221111222111111221121221211111122111111111
11111211211111122121121212221112112112121122111111221111211121121111121121111111111111111121112221211
12211111111111122121122111112111112112112111121111111112211112111221111121221111211211211111111111111
11111122221211211211111111112211112112112112112222112121111121212121111111211211121111112111211111221
12121121222111212111222121121121112111111122112112111221121211222211111211111111111112211112111121211
11121221111211121111111112222211121211211111112111111112111111121212111122111122122111111221211112221
11211112122121211112122111112121111111211112111111111112121211121111211111122111111221111122112111112
12122122211111112111111111212112221121111211222212211122111111112112221211211111112121111121212212122
11211211111111111122111212111111111121111211121111121211212112111122112112112111121112221111121212211
11221111112111121111121121121111112111111121121111111111111111112111111212211111111211111211222111111
11112112111111111211212212121111111111111111112111212211122211111111211121111112211222112211212111221
11211121111122112222111111111211111121121211212111221122112211121112122111121212121111112211112211211
21121211211111111112111112112211211212112121121112112211121111111212111222112121211221222121111211111
21121121111111111211212121111112111211121111122112121211212112111211211112211112212121121122111111211
11111111212111111111111112111111111211212112121112221112111111111111111121111111222111221121112111211
12111211221221121211221221111111211111121211111112111211111121121221111121121111212111121221212121121
11111111111121121122211112112221212111111121211211211212122111111121121222121111121212112111111221212
11111122212111112112221211221212111112111211121121122122211212111221112112211211212112211112112211111
11112111112111111221111111111111121111121211121212121211121121211211121121221211122121221111121212212
11112211111111212111112211122112111111111121212111121112112111212121111211112112211212111111211211121
22111221112211112111211111121112121212111112211111111121122111111222221111121111111111112221111111111
21111211211112221111111112121111111112221122111111121122112122122112111122111211111111112111112211121
11111112122111112221112221111221121111111111222111111112111112112122111112211221122111112112222121112
11122111211121111122112112121221222111121111121111121121112211222112112121112121211111111111111121111
11111112121122221112121122221111112111111121121211212222122211112111111221112112121112111112211212121
12111121221211111111212111121211122111122111111212111111121112211222221211111121211112221121111112122
21121112112121122112112111122111211112111111112212121211221111112221211121111122121222121212111111111
12111211221111112111111111112211111111112121122211111121121111112111221111211221111111112121112112221
21211111122221112121111212112111221121111112221111212122212212111111211211111211121111211211221111111
11111121111211211211111211211112112121211111211211222212221111111211111212112121111211112211211111221
12121111221121122112112121112111221111112122112111211121111112111211112112211112211111112211111112212
21111111212121121112111111111122112211221111121111111112111221211221121211221122111212221121211111111
21112211111111111122211111111122112111112122212111121121122212122111211121112111111111121111211121121
12111122111111211221211111111112111221122222111112111211111111211112122121112112111121212111111111112
11211121121111111121112111121111111111111112111111222112121111111211211211211221112111211111112212221
11111212111222112112122111111211112212211112121111112111211211112211111111111222111211112212111212221
11212122112111212111121111111121222111211112111212211111211211211111111111112111121111112211211111112
11111111221211211222111111121111122121221211111112112112211111111222111111222111121121211221111211111
12111111111122121111112211111121121211111111222111112121121121121111211111111112111121211121111221111
11111111211112212112122122111211212221212122212122122212221221112112122111112111121221111111211111122
21211121121111112111121212112111112112211121111111111111211211112111211111121111212212111212111221111
22111212211121111112111111211121111122112112221211212212121222112122211212212121121122111111112112121
11221211122111211111111121122122111211121112111221212111121211112111222121111211111122122111111212221
12211121112112111112111212111121111111112111111221111111111221111121111212112211112112121111112121121
11111221111121111112121121121112212111222112111112221122122212211112121122121221111211211111111221112
11111211211121211111112111222111221211111111112111212211221112122122111121211111111112112112111111111
11211121111111111222211111211112121121121211222111111121121122121211222111111111111111222111211111111
11111112211212111211122121111111211111121122212112111111111111111211211212121122222122111122212112112
11112112121111221121211212122111111211121121211121112211121121111211111211211111121112112211111111112
11111111111211112111122111121211212111111221111111122221222221122121111121111121121221212111211111212
11121111121111211111121121211112111121112112211211221111112211111121221122112121121121112112111211211
11112112211211112112112212122111212112111221112211121111121122111112212222112112111111212111111112221
12221121222121121112122111111111211212222112121121222111111111112112121111111111111211111111111111112
21111211111122112121221111211121112111211112211111111111111111111212211111221111111112112111112212111
11112121111122112111122111211111221112212212112122112111111211112211111222111211112121121121112122121
11122111222111111121111111211222121111121211121112121111121121121111221121212211221112211222111111122
11122222211112111211212111112112111111122112112122111112112212122111121112111121112112112111121221122
12111111212122112211211112211111111111211111111112111111111122112111112122111121112111211112111111111
11212111221222111111112121111112111111211122111211121112122111122121222111112111111211111112212122111
22111211211111111211111221121111111111111212111111121112111211211112111222112112111111111211111212111
11112111221212212221211111211111222111221111211112111211211222112111221111111111111221211112122111111
12111121112111211112211211111212111221212111111211111111111221111111121121122211111111211111211111111
12211111111211111212122111121111112112121221112111221112212112111121111222112121211121211111112221211
11121111121112122112111211121112111121212121212121111122112211111111222112211111121112111121112211121
21211111111221121111212111111111111111112221111121211121211211221121122112111122121111111122111211212
11221121212211212111122122121111221111112111111221121111112112111211121111121212111122121121111111222
11111112211121111221221212111112222111111122112112212212121111212121111122212221121211211211212122111
11222112112111211211212112121211112121112111122112212121111211112222111121211112111111111212111111211
11111111211111111111111112111111211111211111111121121211212111112111111112121111211111112212112111111
11122221111212111111221221222112121221211121112111112111221121111121111121211111211111221112111111111
11112212211111121111211112211112111111112221212122121112111111212111121211112111121221111111111112111
12221122121111111221212111211112112212111111111111211212212112211111121121221121111111111121212121111
