21222211211111111112111111212221122211112112111111121111121222112211111111111211221111212112122121212
11111112111112211111211111111112121111112122121111211122212112111111211211212111111222121211111111111
11112111111211111112211111211111112111122111121122111211111112111221111121121111111211221212111111211
11212112211111211111111111211121212111211111211212111112111111222121112112112121221122111112111211121
11211121111112211222211211121111111111122111121212211121111111211221111111211121211121112111211221222
21111122121111112111112122122211212212211111111221111112121211211112211111121211221111211211221221111
11211211122221111222111111212111112111221212112111111211121122112212121111111212112211111121121211111
21122211122121111112112222111221111112121212121221121211111212121211211211121121122111111112211112111
11111111111111122112112122111122121111112111211112111112111111111121221111222111211111121121112111112
11212211121121211111112111111121111121111222111111211121111111111112211112111111122111212112111121211
12211211111111112111121112112111121122112112112111111211111112212111111111111211121212111111121111221
11111111121212221111112212221111221111121222111111221121111121111211211111221112111111112122111111121
21111111121212211221212212111222121122211111211112111121221112121211211122111211112112112121111111111
11221111212121212111122112121211121111211222111111111111121112221211121121212122111111211122112111122
21212221211122111121222121121111121111111111211112111112221111112222112111112111121122111111211111111
11111111112111212211211221122121111211111111111211111211111111122111111212122121222212111121112111111
11112112211111212111122211112221111111222221211221121111112212111212211121111112212222121111111212111
21111112111111112221211211111111112211221211111222111112221211111121112111111111211122122111121111221
21121211112212112112111211211111112111121122111111211121111111221111111211121211111111211111112121112
11111111221111111112111211121122211211212211111121221112111212212211212111122122111112211112211221211
12222221211121111111222121121111121111121211121212111111111111111211111122212121112121112222121111121
22122111211122212211122111121112111122122211111111222111111121121121111111111111121112221221212112211
21111211111112211111121111112121211111211212121111222111111212122212122111121122211221121111112112111
11221111111112212121121112111112112212112211112211111111221211121212122122111211122111121221222111111
11212111221211212211121211121121112221112212122122122121111211121122211121111121111111112121112111211
11112111112111111111111211111112121111221122111121111211111122111111121122111211111221111222111221111
22112111112111111111112122112111112121212221111121211111221111112221121111121212122111111112221112112
12221112122111111112211112121111111212211111112112121221111211221111112212122111211212211121112212121
12111111111111121112111121212111121112121211211112112212211121111112112112211211111222112121122212121
22212221111111121122112112121211112122121111112211112111211211111111212111122111111211211111111111111
11111121111111112121111112211121111111111112212111121121211112121111111111121121111111111111111122121
21111212122112121211111112211212122111112111121111111211111111121121121222111211121121111212211121111
11111221211111212111121111121111112122112111211111222112112211121212111211112121211112221112211211221
21111122121122111121121112111121111121111111212111121112122121211121111121111112212111212121111211121
12222111112111212111111112122212111211112212122212122112111121222121112111111112222121111211122111112
21111111211212112121211111211211111111211122111121112111111111111111111121111111111121211212111111221
11111111211111121112212111111121111111111111111111111111111211111111211112121122111112121221111122111
11112112112111212112111121122121111111111211111112212211121111111212121111112222112111122111121212121
21111111111211122112111212112121112212211111222121111222122112212121111122111111121211121211211121221
11111111111112111211221112211111222111211111221111111211112112111221121112221111211212121121211111211
11111111111211111122111111111221222221222111111212211111111112212122111111121111211211211111111111221
21111121111121212111211121222111211121121111211112211211221122111121111121112212122211211211112221111
11121111221211111111111121112211211121111121222121111211111211112212112122211212111211211212111112111
21121111211121211211111111111121112212111211211112112112121121121121121121111222111111121211122111111
12111222111121121211112111221211221111211112111111211112211111111111221111121121111121122111211111212
12111211211111121211221111111221121211211121121121111111222112111211111221121221111111121112111211111
11112111111212111222122121112111112111112111212111111111211211112111111212211111111111211212111111211
12112221221111121121111111112121111121121111221211122111112212111111211121121211212111111111111211121
21111111111121221112212111112121221211211211111111121211112112211121211212211212212221211211121222212
11211212212111212221111212111112122111221211121111121111112211211111111112211221112111221211112112112
12111121222111111121222111111111211121112111111111122222111111221122111211111111211121111111222211121
12111111111121112121121121121111111212112211221111111122111211122211112221122111111211111111211221111
11111112121221121111121212212212211111211122121111211221211211211212111121121211221112112111122111122
11122111112122212111112111221111112221112111211221121112112111211111111121212111111211121112111212112
12111221111112111112221211222112111121112122112111212212211121221121111112111211121111121112211111111
11111112111121111112212112111121112221111221212111122111112111111122112121121221111212122221112112211
11111112111212122111111111211221112112221121111211111112111211112111122212211211121111112111211112122
11111121221111111211122122212111112211221112211122111212211111112112121212212112122121222111111211111
21111211111121211211112211122112122111112221211111112112121211111211121212111221211112122111111211122
11121111112122121211212112111211111212111112111111121211111111111122111112111212121122112212122111111
11111121112112111211211112111111111111221221111111111211121222122112111121221121211111111121212211111
12112111111212121211121121111112211111211111121211212112211121112112111111112212111221121111121112111
22111112221121112122111112112221112211111121112111111211211111111111221111121211121111111111112122122
11111111122121111112221211112111211121212112111111111111211111122111211111112122111122212122111212111
11111112121212111121111111121211111111111211212121111211221121111111122112111211111212112211211111111
22221111112212211111111112111111121111111222122212211211111121221121111121112112111121121112111111121
11111211211221121221111121111111112112211112111121111221211211111111211111111122212121111212111111211
11121211121111121112111111111111211111111112211112112111111221122222111121112211111211211211211111111
11122122121111222112212211121121211221111111112112121111111211211211121111122212111111211111121111121
21112121211122112212111112111211111122111221112212111111111111111211111111111122112121112111111111112
11112111212112111111212111211211122112111111111211111211111111111122221111111111111121122112111212111
12122222111111111211111111111211112211112111211111112121212212111111122111112222111121111121111112211
11121111111121111111111212211111212222111211112112121221112112111111112111112121211211111112112211212
12111121212121111211221212111111211111211121112221121111112212211212112111121111111122111122111211111
22121121112111211111111122212211111211111121211222221211121211212122112112112111211111121211111121111
11211111112112112211112121111112221111111111111211111111211121211212222111111211111211121221121122221
12112112111111212111111111221211112221112111112121111121122121112211211112221111212111121212111121121
12222121112112211121121221222112221112121111212211221111221222122212111111212121121121112112211212122
12121221111111212221211112111112111211111111121112111112112111211212121111121112111121121112111111111
11111111121212222122122212112111121111121211111121111121121111211211211112112122111211121111211211211
11211111121111112111212122112221111112121212111122111112121121111222121111211122111111222122112211112
11121112211121111111211222111121111211111211211112111222211212211211211111211111121121111221111112112
11211121121111221111112111111111112121111121112111122111221121112112122122111112112122121111112111121
12121111211112211122222121111112211111111111212122111112111111211221111112111111121211211121211111112
21121111111211112112121111212111112111211112121221212121121121111111111121121122211111111222112111221
21121211111211111212121111112111121211111211211122211111111111211222112122112221211222111111211111111
21111211211211111111211112112112122121122111112112112211221111111121112211111211111112211111111112112
21121112211212121111211211221122111221111122121111111111211111211112111221112212211111221122211221221
12111221111121111111112212122111121221221111212122121121111111211112111111121111121211111221111112211
11111222221112221122111211121112121222212112112111212211111121121211212212111112112221111111111112112
22121112221111112112211112121121111111121112111111212111121111112111221111121111212112211221111121111
12111111111112121121111211212121121122122112112111121212212111211111122211111111111211111221112122111
21111211111211111112121111111122111121111211212121111221111121121112111121111111111211211112111111121
11121111121112111212111211112211221212211212111111111122112222121212111212211111212121212111212112111
21111211122111111211112111111122121111211211121121121111112112111121212111111221112111111121121112111
12111121212111121221111211111221112211112212122112211112212111121111212121111112111221212121211211112
21111111111111112112121112112121211121122111112211111211111111111121121111111122121121121112121211111
21121121111211111211121111221121121121111111211222111211112121211211111111111111111221211221221112112
11111211121112111221121111221212212111111111111111111112111111111211111121112211212122112121111211111
11111212221212112121111121111111112111221111111112112121112211111121112122121111111121111111112111121
12112122111112211112112111112211112211121112111121111111121212111121212111211111211121111121112111111
