12222121112111121111221111111112121121211111211112121121121211121112111121122111122121111222122111112
12111112111111111111111211121121111122111111212211122221221112122121112221211112122112122211111121111
12111111121112111111111221111111211212121221121111211111212211212122121212112211111221211111111111211
11121111121112211121221121222112122111112211111111212121121122111111121121121112111112112112112111111
11211112121111211111121111111112111121121212121211211211221111111221222121212222112121212122121121111
22111211112122112211112211121121112111112112111121122111111111111122111111212211112112112122121211121
12121121111112121211112221122121211122222112222211112212211211221122111111221221211111121112211111121
11111221211112111211211111221212111212111221121122112111111121211221212212211211112122211121111211212
22211212111111111211111122211112121121111211121111111111121121121211111112211111111211211112211112112
11221111121122111111121211111212112111112111112211211111112221112112111111111122111221212111111112111
11211111111121112112112121111111121112121122221212211111212112121111211211111211221212111111211122112
21211121211112112211121212111111211211221111112112121122211211111111211121121111111211211212111111211
21111211212211121211121111112121212112211122111111111121121112112111111111111221112221212111211111121
12111211111112121111111111111211121111111221122111111212212111111111112112112111122122221112121112121
12111222112221111211112112121112111121121111121111111112121211121212111121111111112111111211121221112
11111211122211211121112121222111111112111211111112112221111121111112112111111212122211221111122121212
11122112111221111221221111111121111111111111111111111111111111112112112112211111111221111212122112111
12112212111211112112111111221122111121221122111221112112121122212221112211222121111111211122211211221
11211112122122111122112111211111211111121212121111211222111211111111112112111111121111111111111212121
21121211221111111111111212112121211111221111121112211211211221111111222211112211111211111212211121111
22211111111221112111111111122112122121111121111221111122221212112112111211111111221121111221112212111
11111222111211111111111111111121211221111221121122121111112121112212121111112111111221221212211111112
21111111112121211111221212111221122111111112121111111122111111112111211112221121111111112111221221211
11111111222211211121222111122111122121211112121121221111111211111121111211211111211121111111112111112
12211111121111111111111111121211121211112111111122112222211121212222112121211112112111211212121111111
11111111111111122122111112111111222111112211212112212211211111111111111121211111121211211122112111111
11111122121111221212222112112111112222121121121211211112211221121112211122212211122121111121111121112
12112112111122121112121121211111122111122121122122111121221121211122111111211121111221121121122121121
11121112121111121111221112111111112111111111221121122112112112121111111211111111111121111111211221211
21211122221211111112222111111122112111111221111111111111111111111121212112121211122211111111121111211
11111211112222121111111122111111121112222122112112211112111112212112111111211212111121221111121211211
21211111121121121111111111221121111211111111112221112211111111221121211122111211211211111111111212211
11111221112111211111112111212111222111221221111111112112121112211111121112111221121211122212221211121
11111221111211122111211211112111112111211122111111111211111221111111211122111212112111112221212112112
21111111112211212122111111121221111112121211111211112111111121221112121111212111121112112111111112212
12111111111122121111212121211121111211211111111211221211211121111121122211122112111111212211112211211
11121111221111221221111211112111222111121121221111111212121212111221211211112211212111122111112111211
22112122112222111111221111111112121221111111111111122121111111221111111111111121121111112122112211211
11111111212111112121211111211111121111211211211121221112222112112211122221221112111211121212211211211
11111121222111112221211112211111112111112211121221212122211111211111221211112111122112212211211121121
11211211121112112211121211111221111111121212212211221211111212111112111121211212121111111111212212121
21211112111111221112121111122212111111221221111112211212111111121111111112121112112112112212112121211
12112211222211212222122112111112121212111221211111112111122112122112111211121212122111111111111111211
12212122111221111111211111111211212111122121211111111112212111111111221221111112221211122211111112211
11111212211122111211111111121222122211121111111122122111111212111121211111111111111121121111111112121
11122111112111111112211121121112211111111111121211211111121121211211111121211221112111112111112221111
12111111121212111222111111121221111111111121112222111122111121111211111211222111211112211112221122111
21211111122211122112111121112121211112111111111111222111211121212111121211112111211121111112112212111
11111122111112211112221111211111112211111111121221212111122211112111111111121121111122122112122111112
12121111111111122221112122111111211121111212112211111221112111112111111221211112221211111211212212111
11111112111111111211111221121112122211212121111211122211211212122112221221211111111211211112111222222
11111121121111112212112221111111212212111111211111111111221121212112112212111111111112112221221121111
12111112211121111112112121211211111111211111212211212221211211222111111121221121111212111121112121121
11111122112111121122121111221211211111111121121111111111122211111111122211211121122221111111111111111
11121121111111211111111111211221212111111111111121211111212121111112221112111112121121121111122112212
11212111112121122212211221221121121121211121112211112121111211122122211111221112111211122111222111122
11211111111112111111112111111121222121112122222111212121112111122111122221111112122121112111111112121
21111111121111121212111111211112211112111122112121112111112122121211211121221111122212121111112121211
12111221111211221112122121111121121111211111111111111222221112112111111111111121211122111121212211121
11111211111221111221112112112212122211111222111212111111111222112111211212211122222112111221212211112
11112111121111221111121111112121111112222112211111111111111121112111122111211111112111111111112211121
21111112111111111111121121112121121212111221211112121122121111111112111211212111211212221111111111111
21111212121121211212111112111111111112111112112112111111112211211212112112221211221121112212112111111
12112111111111111111121112121122211211222112211111121111111122111122121121111121121221111111112121121
12121112111111111222121111112122122121111111111112111121112112211121221122111111222112111221111111111
11122212112111112111212112111111212122111122111111211221111221111221221112111122211112112212111122112
11112121211111212211111112121111121112211111111122222211212121222211111111121212111121211211111112111
11211211122111221121121211111111122211121111121121112121111111111212121111111122111112112111122112111
21122112221111121212121111212121121121112111222211212121111211222111111112111112112111121212111121112
12121111111111112112112121211222122112121111111111211122111121112121112111211111122121112112111111212
12211111111121112112211111221212121121111111112121211121111112121122121112121112111211111121111221121
12111121212121121121111111221111111121211211111111211111121111221212211111221111111122121112111211111
11111111212112121111211212111112111211212111212112111121111211111221112111112222112111111211122111111
12111111221111111221211111111121212111221121121112121111122111222211111111211212112111221111221121112
12112112111121211111212111211221122222121211211211121121112121121111121112211121121111211221111211212
22111111122211211121122221112121111121122211222111121212121121111111112112122111211111211211211121111
12121111111111112112121112111121211212222121121111112121121111121111112122111112111112111111212112211
11112111111211111111211112211211211111112211112121121212112211112112111111222111121111121122111221122
11112221111211122211221111211212122211212111121121111111121111211111111211122121112221211121212121212
22221111221211111211111221221121122111111112111211121212211111111121111111211212112112221112111211111
12111211111121121112112111121122212121211122111121211122121212111211211112211111112111121121121212111
12211111211111111221112211111111111222211221111112112121211111112111112121111112112212211112221211111
11111111121111122211211222222121111211112121211121121111222111111222112121212121211111111111111112111
11111111212112221111222122112211221222122212111112112111112121211211211112211111111111221112222211112
21211112111221111111111112211211221112211212112111111111122112111212111122112212111111111121112111121
11111211122112111111112111111211111212112121121221122111111111112111111111111122111112111211121112121
11121211211121112211221111211111111121211211111221211211111111111111221211111112212121112111111111211
21121111121221111122211221121121121111211111211111121111221211221122111211211212112121122111111111111
12121111111112112111111121111111111111112112111221111111212122111111211122112111121112111111211211111
21212112122112221111211221211211111121211221212111211111111122211211121111121111112222112111112121112
11121211211221221221222111221111221111121111211121121222121211111112112111112111111211211111122222212
21111122111121222121111211111112111121112111211212112221111221112112111211112122211111112121111111221
12121121111111211112111221111222211121211121111111211121221122121112112111111121111211112111212222211
12122221211111111222111111111211112122211122112211121111121221211121111211121111121111121111111221211
11111111212221211111112111212212211221111122111121221111111122112121222111221111212121111212211112212
11121212112121121122211111121111121112121212111112112111211221221122111211121111121111222111112111221
21212112121111111112112112111111112122111111111121111111121121122112111122212112112111212111211221112
12111121111111121111211211111111112211111111122111111211222111112121222212121212112112211211211121121
11112211211221211111121212211212222121221121221111111111111112112121111211111212211111211212111111121
21121211121222111121211112122111212111211111111221121112121111111211111121221111111111212111111121111
12112121211111121121111121212122111111121112212121121111111121211111212212111122111112111111121212112
