21211122112111111121211112111111111111112221221122111121211212212112121211211211211211211112112111111
11111211111112112111121111211221212121221121111111121112111111211211211111211111111211121122212111111
21121122122211211121122112211211111121112221121111212122112212111212222111111122111121111211121111112
21111221212111112112112121121111111211121111212111121121111111111112111221112111212111211121121212111
21111212121111212121112211211111122121121111122121112221112111111112111122212111121111122111112122111
11122111111112112111121112112211112211111221112112111111112111211221212212112221111112111112111121111
22111111121121211111111211112111121111211111111211221111212121122111122121211221111121121112111222111
12111221111111111111111112111222112122121111111121112211121211211112111111111112222212112111111112212
22221211221121111121122212211112111111121221111121121111212111121111111111122111121211112211121111211
11111212111111221211122112112221122121212111121121111211111111112211121121111111111111212112212121112
11111111111212111112111211111211121211121221211211111211112121121212111221211121111111122112111121211
11121211121111111112121111112121222121221121112211112111112121111111112112122211112211111222221211121
21111111111112111112112111221121112211121111121211211222212111111211211121211112211122112111111111221
11111111112111111121212121112211211111111111111111211211211211111122112221112111111122221211221121111
11121121111212122112111121221111212221112222121111111111112121111121111111112112221111211121112211121
11112122211211112111212111112111121211111111111111111112211111111111111122121221111222112111121111112
11112111221112111121111221111121111111112112122222211212211212121111111111112211111212111112111111112
22211211122211111112122112112111211121211211112221111112111111121122111111111211111121122111111221121
11112111121112222222112111211211222111111111111112111221112212112211211212111111111121112121222211121
22121211111211111212112111222111121111111111112111121111221111212112122211112111121111112221212212111
12111111111111111211111111111112222111221111121111112111111112111121111121112111122221111112121111111
11111121121212112121122121111121111121122211122111221211221112111222122111121211211121111112121221112
11221111211121121211221111121111111221112122211121211112121211121111111111111222111211111121212112211
21112121222111121211111222122111122122212211121122212121111111212211121121111111211111111112111211212
11211112111111122111212211111211121111111122111111112111112112211121111112111112111111111112112111111
12111211212121111112211212111112111111211121212111112121211211211111111121122111212212211111221211111
21212121212121121112111121112122111122112112212111222121111211111112112112122222111112112111111121111
21112211111211111121111112111211112111112222121121221112112112111211111111111121122121122121111111111
21112111211112111111121111112221111211112112221221121211211111211111111111211121211111211112121112222
11211111112212112111111212112121111212122112111112111121111121121111112111121111111121111112222121112
22222111122211111211112112122222211111112211111211111111112221121121111222222111111112211111111211111
21121111111121121221112122111112111111111121112111111121112111211111111111211111111111112211111111111
11111111111121212111211211121112211111111112112221121211111112111111112212112111211111121122122211121
21211111212212121211111112112211222111121222121211111111111111112211112212122111121112122111111211211
11111112111221211121211211121111121211121112121211111212212211111111111111121111221111111211211212121
22122121111212211111111212212211111221211212221111112111111111121111111111111111121211211212111111211
21122111222122121212111122211111111111221111212112111121111211221121111111111212221121112211211111112
11121111111212122111112211111111211111111212111121221221111121121121221111122121211212112121211121111
11221111112222121121122211111121111111211221111111111121111112211111111112122111121121112212211111121
11111112112111111111111112122111111111112111111211121111211221211221112111212112111111111111111211122
12221111221112111212111222121121111121112111111111221112111122112112212112211111212112212111122112211
21212222111121122112112121212122111111211122111111212111111211121221212111112212121112121211111121112
22122111112212112111112121121221221111211211111211121111111111111212112121111111211211211211112211112
11212111111111122122121112122111122222122211122122211121121112212112212111111122112211122112212111112
12121112211111111211121111112212211112121111111211112212211221112121122111111112111111211211111111121
11121211111211221111111111111112211212111111122112212211212212111111111111111122211122121221112111221
22211111212111111111112111112222121212211111221121111111221111111112121112221221211122211121111111212
11111112212212121111221111211111111121112111221122121111111122121222111212211121111111111112221111212
12222212112111211111211211112111112211121111212211211112211112111111121111111111212111111112122212121
11211121111111112211111111212211112111111121212211111112211211121112111211111111112111122111122121211
12221111221122222211221111111112211211111111111121121111121111122122222112112122211212112211211211111
21111211222111111111211122111212121121122211111112211112111112111211111111111112122121211111121111212
11112121111111111122112111121111221221121121111221111122111121221111212112121212211211111212211111122
21212111212211112121111112112122112111112212121111211211112112211121111221212112112111111211221221121
11211121112122212111111212121212112112121121112112111211121221111111111122212112121111111211121112121
12122211211111121111111111221111112111112111222111111211212111111111121121111121211112111111221211111
11112111111211112211111111211222211112111121111111111111112111111111221111211212211122111221111212221
12212121111121121111121111221221121111211111212111111112111211122112111111121211112111111221112211112
21121112111112122121111121121121122111121211111111111111121211111111211121122112211111221111111221121
21121111111221211211112221111112111221111111112211122111122112111111212211112121112111111111111122111
12221111111121221112121111111112212111121111211221111222112122212211211212121221211121112221112121211
11112111111212221111112212112221121211112112112112112112121221112112122211222112111112111111111111221
21111121121111111122211211221111122121121212111121111212211222111222111111211111111212121111221212221
11211211112122211111111211212111112111211111111111221121211211211221222112111112121111121221111111121
21111121211121112111111111121122112221211112112211121122211111111221111112211111211122112212112221111
11111121212212112111211121211212212111212111121212111111121111111111212211111222121211211121122121111
21122111211121121121211112111211221211121211122122112112112122111122212121111112121111111122121112111
11112121121211211112111122111112221111112111211112111111111111111122112111111111111112121211211211211
21211111111211121222211122121222121121112212121212111111222122112221212111211112112122111122122122112
11111112211121121111221112112211112211111112211211121111111112211121111112111111122111211111211111112
11211121211111212212112121211211111112112121111111212121221111111111111121212222111212112112112111111
11211211111122121121211112111111122211112121111211111211111122112111112112111111112111111211111212112
12211212212211121121221211221111121111111222111121111121211211111122111211111211111122112121211111111
11111211121121111121111111211212111121111111111111211111222121121111111211111121112112211122111221111
12112121112112111111111121111111112111221121111212111212121111221211111221222212121112111112112112122
21111111111111121211221112122112211221211111211111112111111111111112112121121222121111111111111211211
12121121112211112211211221111121212121112111111211121111211111211112112121121111121121121121211221212
21212111211212212122111111111122212122111121211112111111111221221212121112121221112112112211111121211
11211121111212221211121111112121211111112111211211122111121122111111112221111211212111111121212112111
21122121121221112111212111211212111212211221111211112212112211211211211212111111121111211111211121122
11112111111212221111211211111121111111111111212111212111111212121112212121111112211111211111111111211
11112112122211221122111111211122111111121111211112212211112111221122121111121111211111111121111221111
21121212121111211222112211111111122122111122112212212111212121111111212112112112122211211111121122111
11222121221111212111212212211111111211121111112111211111111211111222112212211122111111122112221212111
21111112121121112112211111111121212121112111112121122212211211112112111221112211121112111121121111121
11122111111221211111112111112112121111221111211121112111112211122111111112112111111211211211112111121
11111122121111111121121121212222221111112212111111112121212121211112111221112212111121122121211121111
11212111121212211111211111111211112112111211121111211122121211111112121212112111221121111111112112111
11111121211111121221212122122111111121111212122221211112121121111212122221222211112111121111111111211
11111111122212212111111111221121211112112112112111111122111111112111111122111211121212111112111212121
11122112112111212211112111111111211111111122121111122111112221111111211111212211122121221121121112211
11111111111222112111111111211111111111111211112112211211111112211222112112112211122111121112111122221
11111111211112111222111222211221121211211211111211111111121211122111212121122111211222211212121111112
11111121222211112112121211121111111112111121111111111121111211211111111111111111111211222122221121121
12211121212112221112221211122222211222121112111111121111121211111111121112211211121111221111112211211
11122211212121211111111121121112111111211111112212121121111122111111211211111111111121112221111112121
11211211221212211121111212111112112111222222212121211221111111112111111111121112111211211111211111111
11111111111112111111121221111122211111111111211122121122212211111212112111112211112122112121121112121
12212111211112112121112121221111111211112112111111212211211111121121211212121111121121212121121211111
12111111111111121121121121111112111121111111211211121211121111111122212211111111122111111212112111211
21211111222121212112111111111111211212121112211111112111111111111211121121111211111112121111121122122
