21221112111211111111111111111112121112112221111221211211111121112221121112122122111211212111122112211
11211111111111121111212111111211111112211111211112112112211112211112122121111111121211111122111111121
12121111121111112221111111121121211111111111112111111111111211212121211121111112112122212121221122212
11211122122111212212122122221122111112221111121112122111121211222112112122121111111211111121112211211
21221111111111212111121212111122221111112122121121211111211222212212112111212121121111111111111111222
11111122111122212111121111111111121121111122121211121121112111111121111221121111221121211121112111111
11111112111111111111112121222121211221111112211112112111112122122211211121111211211112111112111112222
22112212121122111111211221111112121112122111211111211211212111221121212212121121122221111111111211112
11121212211111111111121112111111111121111211111111111111211121122111211111111111122111111111111112212
11112111122221111221112212112111221111121121111211112211111212111111121111121121112111121211111211221
12221111211111221212212112212221211212111112211212211211211112111111211111121222111121112111122111121
11211122121121121111212221111111121122112222111111211121121111112121111112111212111121211122211121121
12121112121121122211121112211211211221122211111112111111211111211211121212212121221112211121211111111
11122111111112121111111111121111121112111112111211212121222121111112111211111121111112211121111111111
22212211111211111112121112212112112112121111112121122111112111111211221211121112112211111211111112112
12122112111121111111211121221121121121121111121111211121111221212221112112122111221112122111111112111
12211121212122111122111112111122111221121121111211212111221111211122221111211221211122112111111212112
12211121212112121122111212211121111222221122212211112111112112211122212211211112111212111122112212111
11121112111212121111112121112111111111221211121121111212121112212111111111112111121121211211112111211
11211121211211111111112221111111111111111111112111111111221211121111112122211121211111221121111112111
11111121121212111111111212111222121112111112112111122111111121111112111121211121211112121211121112112
21111212212211111111111221112211212122112112112111211221112121112222212112111221121121211211221111211
11111112112111111212112211211111111212221211111112111111121112112111212211112121221111111111211211121
21111121211111222212211211122121221111221221112122221121121111111122212221112121222111111112211122211
12122112211112121111221112111121111111221111212111111112121122111121111112111212111121112112111212121
11212111121111111111211121111111111112122111111111121112211111111121212121111121111111121111111212121
11211121112111122121111212211111121111111121121222222121222121111111112211111212111111112122111221121
22211111121211212111121212111121212111111121111112211211122111211211212122211112112111112112122112121
11112111111111121112121122112111112211122112122212112121121111211211111121111221121221211111212121211
21111111211122121112121121211211221222121111221122111211111122112111121211111121121212212112111111111
11112221112221111111212121221111111222211111222112211112121221111112121121112121121111121112211111211
21111121111111111221112221112211112111122111211112111211212111112211111122211121121111111111111112111
11212212111111121121111211111111221211211121112122211112221221221112211111212111111111122121112112111
11111211121111111112211111212111111112111121111121111121122121111111111111111112111111221122211112122
11112111212112212112122222111211121121111112211111121111112111121111121122211121122221112211211111112
12112111121211112212111121122111222211211121212112222211121112211211111112111211111221111112111111122
11211212112111122111111111111211111112111112211212111111211121211122111122111111111121111122112121111
22111112211111211112111211111122111111211121112211112111211111211112112111111112212111112111211122112
11122112122112111111122121111112121111111121211121212111122122111111111122211212111111221212122111121
11211211111121111122112111121121111111112211121111122111122121121211111111111111111121112111111112211
11111112112122122111221111122211111111111211111111222211122111111112121111111111121121111111112111121
21111121212121212121211112122121111112211121121221111112212111111211122112111111112111221212111222111
12221112112112112112121112111111112121212211211111111211111121122211111111111122112111221121221112122
11112221112112111111212121111111121111112111121211121121211112111111111122112111111211121211211112121
11112211111121121121221212211111112112221121122111112111112111111121211221111112111111111111112111111
21122211112212221221112111112111121111211112211212111111221111111112112121212111211111211122212112121
11211111111212221111111121112122111121121221111221112211121211112212111112111111112221111111111111111
21121212111221121221112112122121121212112111111112211211221221111112211121211121111211121112112121111
11111121121111111122111121112212111112221221212211211121112111121211121121211111111112111111121111121
12111112111112212211111112111121221112121121111121121111112111211111211111211222111211222111221121121
12112222222211211211121121111121121112111121111212211121111211111211112121112211112121111121111111111
21112111111111222122121112211111221112212122211111111221221112111221111221122121221211111112221111111
11121111111222121212111111111111212111212111112111111111212211111211111211221111211111111111111111111
21111111111112211212111121121111121222111222211121111111111222111111112111112211112111111112221111212
12111211111221222112212211112111121111122122111121111212112111111111111121121112211121211112111111211
12222111121121121111121111121112211211221111122211211111211112121211111111222111111111211212121111211
21211111211112111111211212121221112121112111121111122211111111212211211111111111212111211112111221111
11212121121122111121111111211111212121111211221211111111112122122121221112211111211222121121121122121
21121221112112112221121112121111111112221221221111221222121111211221112111221121211112211112221121111
12112111111211111111211211212112111112121211111111222212211112212111111111212212111211111112212111121
11111111212212221211122111111121221121111111211221111111111112111112111122122111121121221212111211111
11211112112222112221221112111122112121112222122111112111121211112111111111222122112112111111121111121
11121111211111111111111111211111112122122121222111112211211122211111122111111111111112112212111221111
11222122112111211111211111221121221112112111111111111122111111121111222111111222211211222112211111121
21111111112111111112112121221221112121221111111121211111111111211112211111222111112111112121111111212
21112111221111112212111211222122211111121121112112221222211211111111121121111121111111121112111212111
11111111111112111121111211111121212121111122111111121112111111111211121121121111121112211111121121121
21121111111221122121122121211111111111111211211112111111111121111111122121122111121121221112112111211
12211121212121111122121112111111111112222121122211112111111111121221211211121211111112111122122111211
21112211112111211112211111122122211122111122111111211111121211112111121111112211111111111111212221212
12122122111222111111121121111121111112112221211211211222212111121112111221111111111111112111111112112
12121211112121211111111112112122111112111111211121122211221111111111211111111212221112112121111121111
21111111111112111112111111111211211221221112211211111211111212122211211212111112221221212111121111112
11111111111112211221122211211122211221122211122212111221121111112111111222211111111121112211212221111
12111111122211111221221211212211111112112111121111112212211121212112211111111112212211121111221122121
11111111221112112111112112111111111121111112211212122111221111121111122111111121111111221121111111111
11111111121112112211111221121111121111112111112121122211112111211111211212221111211111121212111112221
11212112122212121111121211111221111121111111212121211122121122221111112122112112111211121211111111122
21211122111121212211112111212112111121112111112111121111121212111111222211211111212211111121211112112
12112112122211111122111222121211221112111121111221111211211111211111111211111111211111111111211211111
12112111211112111112111111121211112111111111111121121121112121112222211211112211221221112111112122111
11112222112111111222121221111111221111211211111221221212122121211111121111212111111121212111121111111
11112112111121111111121112111211121111212111111122211111111111112111112222121212111121111221211211212
11211121111212121111111221122211111111112111212121121211111112211111211121111121112111211112111111112
12112212212111111212211121211122122222111112211211211111211111121111111122112111111121211122121211121
11111121111222211211111111211211211111111121111111212121112111211111111111211221221112122111111121211
21121212211112111111111221211112111122121112211121221112111212121211121121121111121111121112121121211
11111221111122211111111211111121112111121112112112122211121111222111112111212122111111211122211111111
12111221111111122121121111221111112212121121212122111121112111111122111121121111121112222111211211112
12111111122211111212112111111112212222211111112211211111121211211111112221112121111211111111212111112
12112221211211111211221211211211112111221111111111112221112111121121221112121121212121122121122211111
22111212121112211111111111111211112111111111121211111221122121112111121112112122211221122211211122211
11211121111112121121111222111111111111122221221121221221212122112111112121111121112222221212112121111
11111121221111111111121211122121111211111111121122111222111211211111111111111121111112122111211121111
12112112211121211111112111111221211111111111112122111211111112122211111212111112112111121211221111121
21111111112212112212122121121111112111121211212112121111111221211111211111211111122211112122122111221
22111111211112111211122121111122211121122211111112112221121122121121212111211111111121211111111111112
11111121112111121112112221211222111111221112111112221212211111221111121221111211112111121111111121112
12111111111112111121112111111112111212122211212111211111221221112211221111111122111211211222121221112
11111211112212111111111121112121111122221211211121112121111111112212111111111111122211112111121111221
11212121111111111111211112111212111121111121111212211112112122112111111111121111111211112111111211112
