11112121111111121121112121111121211111111111112112221111121211211111212111111111121111121212111111111
12111111112111111112211122111221211111222111112111111211111122211111121221111212211121212111221112211
11112221112211211111121211221221222121111112211112211111211212111112121112111211111111111122212111212
12111111112111211211112121112211121111121111111121121212111221111111121221212121111121121111111111111
12122111121111112111111211112211111121111111211112111211121211111111111212112211111112121111112211112
11111112211111212111111111111121111111212111111111111112212121221222211212121111211111221112111112111
11111111122221222111111111211221111111122121111211211211111121212111111122211221121111221112212111111
12221221111121111111111111112111111122111211122211112111111212121222111111212111121111121111112121121
12111211121111112112221121111111111111112111121211121112111111211121221121112122121121112111111122111
12112111211121211211121112121212212112111121211221121121111211222112211211111111121211112122211111211
11111121111111111122111221211112111211211112122211111111111221111212111121221221121111211211211211211
21111111122122212211121121211112111122112121112111111111222122111112211111111112122111111211111112121
11111111112111221122122111211212112111111111111222111121221212111121121112211221122212212122121212111
21122111111111111111121121222211211112212112112112122212112122121111112112121112121121112121211112212
21111122212222111111121111111112112111111121111121122121122121121121111211111221211121111111111112121
11121121111111121122111221121111211121221112121111122121121212221111211211112211111211221111112111211
11121111111211121221111111122111112221221112111211111121212112122222121112111212111221121211122211221
11111121112122112121111111111121111211221121212111111111121122111111112111211211112111211112111111121
11111111121211111121111212122212111112212112212121121111121112111111121111111212111211111111111212111
12122111112211111111111111111212112121122111112111111211111112111211111212211222212221221121112121111
11121121112212111111111121212211111111111121221112122121111121111221111111111111121122111112121112211
11111121211112221211222212221112212111122111111111111111111111211112122111111112121121211221122221211
21121111111222121121122121121112211112111111112112121112212211121111211221121121112112111221221122121
12221111212111122112211221211111112112211111211121111111122111111211111121111112111211221121112121111
12212111111111211112112111211111111112111211111221121221112111111112221121111112221111112121111111111
11111222212122111121121222211111121111122211112211121122211211111112121111111221121211212211112121121
22122121212121212212111211112111221121221212112221211111111121221221111111111211112111111112222221111
11112211221112111121112121211121121111121121211121121211111122111112121112222111111111221122111221121
11111111212111121111121122111212111111212221111121221211121212222111111112211211221211221121111221211
12211111211211111112111121112111112111112111221111112111112111121211111121111211212121111121121111112
11111111121221111122111221112221111111211121111211111211111222112211111122112111112111121221112111111
11112111111111211111111112112111111111221221111112111111212211111211111121112221221111211111221111121
11211212111211111112111221112121211111212111111111111121211112211111111122112122111211112211121112212
11111112111121112111121211112121122211111111121111212112122212111112121111111111211121211212212211211
11121221112112222111111112111221111111111212112112121211212211111112111111211112111112111211122111112
21211212122122111121211111221111212111121121121112222211111122111221122111111121111112112211112112211
12211111121222112211111122211212111112112121111221111112121122111211221111111111111211111211221211111
21121212122112212111212211121111112121111121111212121111121111111111112211222111111221222111221111111
11111111211111112112212121112121112211111111111111111212111121111112221211122111112121121111111111211
11211111121111211221111211211112122222121112221211211112111221121111211211111122212112211112212111112
21121111112121211111122111112121111111111211221212212112111121112222222121112221111111211111121111121
12111212211111212122111212211211221221121112221211112121112111112121111112212121221111111211111112111
22122111111111112111111211211121212221112121111122122211121121111211221111112211111111121112121211111
11111111111111111112112212112121211111111111212111121212111212211111211112111122211111111112121211112
11112111111121111111111112211221112112212111121211111121121221111212111222111111111111221211112212121
11212122222121122111111121111112111112121111222211221112122112111121211111121111111111211111111111112
12111111112111111221122112112212111112122111211111111212112111222121211211121111211211111112121112211
22211121122111111111211221221111111211121212112221111122221111211111121211111121112111111112111112121
11111211222112111111112111122211111111111112121122112211111112121121221121111111111211112111111211212
12122121111112112112111111211121211212222221121111121121122221111122211211111121112111121111211211112
12121221111121112112221212211221221111212111111221122111112111211122122211212111111112112111121111111
11221111112221112112211121111111111111121212211211212211212122122121112112121112111112211221121222112
22112112121121121112211111111212111111221121122111121111112121112111111221112112212111112211122121111
12122112112122111111111111111121111122211111221121111111212111211211121121211111111211211121112112121
11112121211111111111112111221121111221111122111111111121111121212122222111211122112121111111221212111
22111111122222111212111121112111111111121111212111222111112112211222211211112121121211222111112111211
21211212111221222111111212111111222211111111122111121111221211111111111211112211121211211221211211221
11121112211212212211112112112211211111122111121111111112221111121222112111111121112212121211111221111
21222221111122211221121211122112111121111212112111222211122212211111121211122111211122112111111111121
11111122211111211121112111211211111121121212111111212121111112112121211122122111122212111222112111211
21122111112112211121211121122112111112221112112111211212221111111111121121211211211111122111212111111
12211221212211122211122211112111121122122112211112111122111221211121122121122212111122111111212111221
21211211111122111122221211212112111212211121121212121211111111111112212111211112121211221111112111221
21211221222112112111112121121221212221221221111111212121111111111211112111111112112212211112112112112
11111221111111211121111122221111111122121211111221112111111122212112112221112211121211111221121122211
12121121111121122211212112121121111122111112111211211212211121121121211211111111111121211121111111112
12111112111121221221221212122121112122212121112111111222111112112212212112121111111111122112112211211
12211211111111112111121112121112221121112121112111111212111122122122211112112111122112211111221111111
11111112112211121111111121112222211211211121112211211111122122122211122112211111211111222111211211211
12222112211121221211212111211111111112112121111111121121121112121211122112121112212111111112112112112
21221111111121111112111111112111121111212111111111111111121111111212111111111112112111111112122221211
11112111112221112211121221112212111121111211221112111111111121111221212212121111212112111111111112112
12211111111122111111112211122111112111211211111121111112121221221212121212221121121211121211112211111
12112111111121211121111121111111222212112211211212221111111221211212222111121111121221111111211211111
11111112222111212212211121112111111121121211211111111211111111111111211221121121111111111122211111112
21112112111112111111121111111111112121122211111122211211212112112111112211121122112112111211112211111
11112111211122111112111112112112211112112111111121111221111112112111111211122111211111122221121112211
12111121122112112212211222122111211111211111211111212211122212111211112122121111121121212111112111211
11111211111111111211121112211111111121121121112212111111111122111111111221221121221212121211111221111
11111111112111112111111221111211111212111211111111211211111211211221111211121121112112122111111112112
11121121112111111221221212221112121111111111121121112121111211122112211121211111211211111111112221111
11211212121222111221111121112211212121111212212112112111112112212112111221122111111111121111222211111
21221222122112211211112111112111222111221112111111211112111112222211212111122111212111112211211222212
11112112112211121121111112121112111111211121211212111112221121111222221121121121212211211112221111111
11212112111121211221221111222111121211111112112122212111221212122111111121122111221221112111111211211
11211122122111111111111112211121211111211121211121221221111112111111111111111111111112221222211212211
21112111112111121121111111112121122111111211111212111121111211211122112111222211121111111211211211111
12111121212111111112111112121111212111112111221111211111111111121112111221112112221111111112121112111
11111111111121211122111112122212121112111212121121111111111112212111111122211211111111121112112211112
11111211121112211111121211111111111121221111122212221121111111121122121112211121112111211111111111111
12111122211122121222111211212111111112111211121121121121121211112111111211121121121211111211111112121
11112121122111111211112121111111221122111121111112211121211121122221111211211111211111122121111121211
12111111111212112111121212111112211112121112111112111221111111211112211111111111122212121121122111111
11211111111212111211122122122122211111212121211111111221122111212112121211121221121111111112211111111
11211211111212211111212121121211211111112121111111121212112211111112111112212111111211221221111211111
11112212211111212111211121111111211121122221212211111112111222211121211111211121111211211111111111111
12211112112121111111211111121211112212111211212111121121121211111121111211211211121221111112112221221
11211111112112221111111211111112121221121211211112211211121212111212111212112112121211112111121111121
11121212111111111112111211111122122121111211111121122211211112122211111112111111111111111122212121122
11111121122111212111121121111221111121121111111111122221221112121112121121112221121112111111111222121
22211212112121111111112111111221221221111111111111111121121121122211112111211121112221211221112211111
