12111211211212121122121211111211212121121111121212112111212112221121121211221111111111221111121122111
21121112111111211122111112111212211111112212211222212121111121111211111211111211212111211112112111111
22112121211112111221112211112211122112121111111111121111111112112111122212112221111112121122121111111
11111221112111112121112121112111111122121211221111121122111111212121112111211111111211111211121212111
22121112121111211112121221112212111112111121112222112211111111121221111122112112122112211112121111121
11111121111111121212112111212121112111121211221112211122111121121121211211221111222112222111221111111
11111111111112212111121111111211121111122112211111212111211112121111121211111111111111111121221111112
11122211111111122121111111112121121111212111121122111111111111122111111121212121112111221211211112112
12111111112112112111121111121212121222122111122122211211221111211212112111111112122122211121112122212
11112111111211111111111121211222111112111211221111211122212112111211121212211111211112212212111221111
11212111121221121211111112212111121122121121111111112221112111111121111112112212211112121112111111221
12111121212111111122111111111112221112211112112112111212211112112111112111111111211212121211112122111
21111122111121112211111221112111111211111221211111111212112111121111111122112112211112121211121121222
22121222111221112211221111112121121112121112121221121112121112111112111121111112122112122111221212121
12112111111211111111111111111121112111211111112211212112212111111121111111211211111121111121121212111
21212122112111111122222122121221121111111211111121212212112121111112111111221211222111212211111211121
11111211211111111212221112211111112212111111111212112111221111121111111212121112211111211111112112111
21222122111112112211111111111121111211221122121111211211112121212112212112112211121221112112211111112
11111212111112111112211222221211111211212121111111112212112212122211112111121111111111111121111112122
22112111111211211121212112111221211121211121111112211111221211111121122211112111112111211111111121111
11121121111112112211111112211111121121221211111111112111112211111221111121111111112211212111121112111
22121111212122212112111211112112112221121111121122111112112111112122111211111112121212122121111111112
21111211112111112112222122211121111111121111121121111122112111121121112211111121112121112112211122121
12121111112221211111121111112121211122111121212112111211211122111211212111112111212111211212211122111
11211111121211111211211121121111211212121221121111112121111111122122111111111212222111112211121221212
22112111211212111212111111112112111211221211211122111111111111121111111112111122111221211111111212111
11211221221111111111112211121111211111111211111111121111111211212112112121111221112212111112112212112
12211122111221111121111111212111111112112212112112211111121111111111221112212111121111221112111111121
11211212111221211211111121211112111111121212222121111111112212111222121121211111122111121221211111211
21111111122111111111211121222121122111111121121111111211112111111112211122112111121111112112121122112
11111111211111211122211111211111121211211212121211111111112112211111111111222111111121112111111121112
21121212112111121111111211211111122112121111121111111221111111211212121212121111121121211111121112111
11111212212211111111112212111121121211121112121122121211221121112121212112112112211211111221212112211
22212111111211212112111222121122211211112112111111111122111211121121111212112121112112111121122212122
12111212211211111221112112211212211111111112221211121121122211211121211221211122211111221212111112211
11121211111112112111212121111222111121111111112111211112111221121121111111111211121121111221111111211
11111121111122121111111212111121111221211121211112111111111112112111211112112111111111111111121112122
11111111212211111212111111112112111111211211211212111111111111111111211111121111111122121121122111111
21111111211121111112211111121111111211211121222111111111111212111121121211122221122111111112111121211
12222111111111111111111212112112121111211122121111111111212111211121212111122111121121112211221111112
12111121111211111211121211111121111212121121111112121111111122212212121122112221212212111211211211112
21122211222211212122221112111211211221211212112112122121221111211111212111121111122121212112111121111
21111222211121112211111121112112111112112111122121111121111112111112212111222121111211211111111121111
22121112122111111112121111112221121211211211111111211112121111212121121211111111111111221111111111111
11111211112111111111212111111122111212112121111111211111111111222111112211111111111112111112112111111
12211121112122112122211112122111111121111122112111111121111211121222221111221212111121122211212111111
11121112211111122111211111122121111111111111111121122111211121121111111112111212111211121212111211111
11122121122111121112221122111111112111111111122111111111121211112212121111211112111112221122222212112
11211121111111112121111111111212121221212111122121122221211211222121112112211111111111112111112211211
21221111212121112112112121111111211111111111111112111212112211112111112111112122111111112112111221111
21122111122111111111112111121111111211212121211211111111221121112121111122111212111111111221111211212
21111212112111111111111211111111112211121211122112111211111211111112111112211112121211111111211112111
11121112112212122211112112122122112112122111111211211121212222211111211221112121112111112212112112121
21112111211121111122111111112111212111112111112211121111112111111211111211112211121111111121212122211
11112211121212122111111122221111111122121211211112112211121121121211111111221111112121112121112111111
12112111211111212111112122111121111122211111112121221111111111111111112121121111111211112221221211111
11111111112111212211111211212211211211212122211112111211111111121121121122121112121111221121211122211
11112112112211111221111111121111111212121112112221111112112121111112111111111121112221111111111111221
11111121121112121111121221221122211121211212222212121122111111111211111111111121111111111121212122111
12121222111211111121211112111211111211211221211121111111112122111111121111212212112121111112211112112
22111211112112211112121222112121121221111211221121222111211121122121121211211111211212121112222111112
12211221211111112212212121121212121111222111111111211211112112211211111211111221111221111111111211221
21222212211112121111112121211121212121122111121111122111221111222221112211111211122121121111211111122
12122112111211111121221212111112212111112112121121221221111122112111122112221111212112111111112121111
12112111211111111111111121122121122112112111121111222121112121221211111112111111112121112121221111111
11112121122122111121112111111211211121221121221111111112111111111212122122111111212211212121211212121
11112111121121121111111111122121211212121111211111221112211212112122111221111121212112122111211121122
11211112111122212121122111221112121222121121111112111111111111111212121111112121111121111111111121221
11111111112111221211112121111121211111111111211222111211122121211111111111111111111121112111221211111
22121112221111111211221111211211111112211111111111121221112111111221112221221112121211111112211211221
21111111121111111112111121211112211211211111211111111112121111211112112121111111111111211121121111121
11111111111111112211211111112211111121112111121111121112121122112112121121111221211121111121211111112
11121111212111111112112111121211222111122122112122212111211112111111121211121122121111211121111121211
11111221221221112122211221112111212112221211111211111111121111211111111211211111221221211111212121112
12211111121111112121111111221112111211111212121212111211211121211221111111212211111111111111121212111
12221122121111111111211111121211211112122112221121112121111121211111122211211212211111111222211111111
21112211211111121111121222212122122221111212111121212112111211211212111112112112121111212111111211111
11222111211121121111111111221122122221122121211111121121212112112112222211122212121221211111111111121
11112221121111111111121111111111111111111212121122112111111121221121111111111211111211222111212111112
11112211121112121112211212221111111122221111111122111112111211121211111212122111121222121111111121111
11122121112112121121111211111111112221122211111111111212211211212121121111121221111111121211112121111
11111111122111112111112122211211111211211112112211122111112111211111111112111111112111122111112212111
11212111122112211111112111121211121112212111211221211111211112111112221221211211211121211111112112112
12111212112112212211221111211112121111121211111122211212111112221112211121111111111112212111111212212
22121111212122111111111121121112111111211111211112121111122112121112111112222221111111112121111121121
11111211112211111211111211111212211111121111211122221112111111111212212111111111121112222111111111112
12211211121112112111111112112112122122121121221111112212121121121122111111211112211121112111111111111
21211111121222111111211221212112221211221111111111121111212221221111121112121111211112111121112121211
11212112121112112212211221122121121122121222221222111211212212112111211111222121112112211111121111211
21221112112211211121111221111111212112211111121111111111111111211111122111112121111111121112211111111
11121112211112111211111211211221121111112111111122211112221211212111112111112122221111112111111122211
22211111111111121212111211211112111222211122211212111121121111121221222212111112121211112211111121112
12112112212212112112111111122221111121122112121111111221112112111211211111112111211111222121121121221
21211121211221122211121122212111211212121121112211211212211121111112111111111121111121111122221111121
12112111111111111111211212111212211121121111111112111111221111111111112211112111211111212111111211212
21111111121112111111211221221111211122121211121222111212211111111121112211111111111111111111121221121
12111222111221112211111211111221112211212222112111121212121212221222121111121111111111212111112111121
11211111112121121211121112111221212122112122112122112111212121211111211111111112111111112111111111122
12121121121112212211112121211112211111211112211121221111112111211212211111111211111111212121111121222
11122211211111121122112122121111222111121221111121112111112121211122211111112112111122211111112122111
12111111121121111111212111122211112121211111111112111121112112122111111112111221112111211121212211111
