12112111112211111121221121121121111211111111221111211212111121211112121212111121122211212111121112111
11111211211211211211111211112211121111111211111221112111111211121121111121221211211221121121112112121
12211122111222121112111121111111111111211121121211121111111111111211122211111212111111111121122122121
22111222111112222122111112111222211111122221121211121112111122221212121111111221112112221111211111111
12122111111121111122111221122111211111211121111111122121211221111111121211222111111211111112121111212
21111112111122121112111221111121122212111121122111111111121212112111111111211112121112122112211111111
11211111112121112112111111221211211111112112121222121111222121111112111111112111121211112121122222111
11111211111211111111211122112111111222221112122112111111111122111112111212212111111112121111211111112
11111221111111111112111111111111221111111111112122111221212221112111111221112111121111121121111111222
21212212211221111121111112112111112111112122212111212112121111221212111211211111121111111211121112211
21111121112211112112212111211112112111211211111111111111111211111111122111111121112121212111221111122
11111222211122212211121111212121112211121211211211111221121121212121222111122111111111112112121111211
11211111212111111211111111111111111212121211122221111211111121111121111122221111121211111221211221111
11211111211111111111121121111121121111112121111112111211212121212121121211111212111112111221121112122
11121212211111121111112111211111112122111212212111211111112112121111111121121111112111111111211121121
11111111111122111111212211111111212212122121211121111211111122212112111111111112221212111221221211111
11111111111122122121111111112211112112211121212112211111111221111112122112211212111212222121112212111
11122221112211121111122112222111112121121122122121111111122121211212112111121111111211111121221111122
22122111112121111121211112121111122212122111121121221211211122111111221111212211111111212112212121111
11111121111211222111211211111111211121121121121111111112221122111112122111122221121221121212211121111
11111211211211112111212121111211112111111122122111111121112211121221211211221112211112112122121221111
12211121112112212222111211112211111121111111121112112112221112111121111121111122222221111111211111112
11121111122221122211121111222212211121112211112212111111111111111111111111121111111121222121121111122
21111112221221121112112112211111111211211111111111112211112212221111221122211111221211111111111111111
12111221212111221112221111211111112111211121111112122121111112121112121122221221221221221211211112211
11112212111111112111112111221111212112121111211212221212112111111111111111111121111111211221111111112
12111211111112121111111111112121111112111221121211111211112111111111121121111212211122122111111211221
11112112211222121112211212122111221121111112111212112211111111111222221111211111221112112212211112211
11122111211112211111112122121221211111211221111212111212112111121111112211111211211111111211112111122
12111211211121121111212111111222211211111111112121212111111211221111122111121211122211111212111122121
11111211222112121111212112111111121211221111112221121111111121111211112121211111112111111211211111111
12111121122111111112211111111212112111111122112121111112211212121111222112111111111112211112111111112
11111121111221111211111112211111111211111111111111222121111121112212211111211111111212121112111121111
22221212211112111111122121111211121222111211222121111111211121121121122111121121211221221121121122221
11211111211111111111111111211121211211121211111211112111111112122212111111112111111111221111121111111
12121111121111121112112211221211121111121111112211211112211111221121112111111221112111111111121211112
11212211111111212121111111112211212221221111211212111211111221111211111221211211211211121111111111221
11121121221211111111211221111112111121111111111211211222111111111112112211111121111212111111222211112
11111122122211112211112111111121211111121221111111221211222111211121221121111121121111112111111111112
22112111112111121122112121122111111211112112111212211211111122111121111111111111111112211122112112111
12122112211222112111121111211112112121221211111221112111211211111211112121212122111111211111211111111
21112121111221211212112211111111122111112111122222112112111212112112112211111111222121212211111111112
11122211112112211111111111211211211111111211112112111222112111121121111211211111111122112111222112212
11211221121211111112121211112212122121222112211122112112122111121111221112211111111122121211121112121
21111121111211121112121211212121211111111112122111111112111211111211111111212221111121211212121111121
21122121222112211122112111121111112221111122211122111222121211121111121121212211211111211121221122111
22211111111122111122121211111121121111112111111111121212111112112121121121112111211112111212121111122
11111222221112111111212211111111211112121122122111122111211111111121111112211221112211111211112222111
11112211111121211121111111111221111111112111212111111211211121211111212121111211112111221122211212121
11211112111212211111111122211212111112111221111112111111211211122121111211111212111111212121112111112
21111111211211211112121111111221121111111111111111112121111212121212111211111221112112211121111122121
21111111211212122111112111111211111121111111111111121112111222212112122211111121111112111112111121121
11111121112111222111121111111111121111111111221111211121121111111111211111211211111211111111221211112
21122112112111112211111111111211212121111211121121111111112121111211121112111112111111121111111121121
21212122111211112111111211111211222111121111112211121121221211112121111212112121211211111211111221112
11111221112211111211111111122111121111121211211112221111122221111121112121112111121111111211111212221
12121121112121111211111211111211111112121111111111111211111111111111212121111122111211112122122111111
11111112121211111111111211112111111121121112211121122112211111112111111211111111121222211211211121122
11111111111221111122211122121211211211111212112121111111211112212112122211212112211121212211112121121
11211212111111121211122121222211121112121111212111211212121112111111111121121211211111211121112111221
11121121221112121111221111111111211111211211221211211111211211212221111111111122111211112112221121121
11111111111121111121211111121111112122122111111111122212112211222111211211121112221112121211111121121
11111211122121111211111211121221211211211111212211112211211212121122121112111211222111212111111111211
11112212111211121121211111111111111212211111111111211211211222111112112211111111111122221111112111111
12121111211122112221221122222211112111221111212111111211122211111111112121212121111221112221111112111
12221212112111111221111221111121112212121112111111111111222121122211211211111121111111211111121111112
11112112121222211121121211112121121112111211111121211221212112221112111111112111112112211112112221112
11111112122211111122112221121222111211212211112111212211111111122111212122111121112111212111121112111
12121211111111221111111111212111111211222111112211212111112112112112111121111112121111211211111211211
11111121111111212111112111212111111211111111111211222211111111121212111111112111121111121121111112111
21212211111222211221111211111112112111121211111121111112222121112111122112111122112121211112111111221
12211121111111112121111111111121112211212211112121112111212222121212111111122121111112121211122212121
11122122111112112111212121211112121211211122222111111111122112111212112122211121212211111112211211211
11121111212111121121211211121111121111212212112211221111121211211111121111112111112112122111111122111
12112121111211111111111122112111211121211211121111211112121211122122111111121111111212111111122111111
11111111221111122112112211212112111211111111211211111121221221112112122111112121221112211121121121111
11111221111111111121111111111112211121112111211111111111111111112221121111222121211212222121212112211
12221111221121111121121121221211121111111212112112211211212211111111111111211111121121111112112111112
12221111221211111221212111212111121111121111222222111112111121111221211111111211112111221112112112112
21121111212111121122111111112122111212211212211121111111112111112122111121121111221121111111121112121
21221211111121112112111222211121112121122122112121211112111121211111121112111211111111122211121211111
11221111111121112112111211111111111211212111111111111111211211112112112111111211112121111111111211222
11222221111111112111112121111121122121121111111111111111121111111111211111112211212211111111121212112
11111122221121112112212222111211211111122122212222211212122121221121121111211111112121211211211121111
12112111112122112221112212121121112212211221211111111111111111112211211111112112121211111112121111211
12122121211111211221212111111111111121112122121111111211122211211222111211211212121211121111211111111
11211211111111211111111122121111112211122212121121121111111111111122121111111211121121111212111112211
22112112122211211112121221121112112112121211111111112211221112211211111222112211121121221211111111122
11121111111221121111211211112121111111111121211121211121111121211111122112211211212112112211112111211
22212112111211221222221111211221111111112121112112112221111221222111111211111122122211211121111212221
12122112121111212212111112212111211121122221111111121122111112221211121211111112111111111122121211111
21211121112111221112111111212122121122111211112222111121112111121121111211111111211112211112111111111
11221112111111211122122111111111111111111112212211211121121111112221212211212111121122221222111111111
11111111212212112212111111111111112121112221221111211111111221111212111121111121121111111111111122111
21111211112211112122121121122211111111211112111212111121111211221121121221111121212211221112122212112
22112111211111111111112121121211111111121111122211111112221111212111111121121211112112112121121211121
12111121111212111211121111121211121221112122112211221111111111112111122121121122122112212211121222111
12111111112111211111121121112112122111112121111112111112111211121111211111222111122122211212221111111
11111221111211112212211111111111121211111112111211112111122212112121112111211112111211222221111212211
22221212121221112111111111112111121222112121111111221112112121211211111211111111112111211122111111121
12111211111121112211111211111122111211112122111212121111111121121112111112212111211121111111112122111
