11211212122111211112111112211112221212111211112111111111211221111122221111211111122112121212122211212
11112111112111222211112112111221111111111112111111112211211111111111112122122121111211211111111121111
11221111212212111112212212111222221121111121122212111221111112111121111121121212122121211111221111111
12111111211211211121121111121211122112111121111111111111111111112111112121111211111111111211111211112
11121211121211122112212112121211212121211121121111111211111121121112211111211122121122122111211211111
11221212121111121112211121111121111111112112111112211121112111211111121111112211111122111211122112222
11211212121222122111211121111112211211212111122121112111112212111122211111111111122212122122211111112
11111111121111121212111111112122122111221112112211111112111111211122211111222212221211211212111112121
11112111112111212111212212111211221111212111121111112211111212212111211222111121111112221121221111111
12111111221111121111221112211111121112112112121111111112111221211212121121112211112121111221211121222
11111211111122111122121111121211211111121111121122211112121112111222122211112121121212122212121211121
12121111111111211221112211211211211111122112112121111111111221212111112111121111212211121112221211211
11112111211112121111111111111211111111112212111222111121211112111211111111211211111211111111122112111
12111221111221111111121111111211112121111121111112112122221212112112121111211212111212111121111112111
11122121211111211122111212111111211111111111122111111211112112111111112121211111111112211212121121211
11111112221221111211111111112121121122121111122111122111111111211211221111112121112111112222112122212
22111111111111112121211112121121212112111121211112121111222211111121111111112111111112121111212221122
12112111122122111111112111111111211222121112111112111222212111121111112111211111211111211111111111111
12111111121212111122111211211112121211212211111111122211111121221111112111212121211112111222111112121
22211211121212112111211111111111122111121111111111111121111111222211211111111221111211111221111121211
11221211111122111111211122211211111211122122212111111111122111112121112212111112111212111111112121111
11221221111212212121211111121122211112212211112111111112122121221212111111111211111211111111121111122
11211111211111112111111111111211122211112111111111112112111111111211211121212112111111111121111111212
11111111112111211111211211111122111221111112111211111111222121212121112111211111211122221111212211111
11121112211121222211121211111211112112111111211111111111111222211212111211122111211111211111112211221
11111112111122111211211211112122112112112111111211211111112112221111122111112211211111112211211111111
11221211212211211221121111111121211111211121121111212121121111111121111111211112111111112111211111112
11111121112121212121211121112111211111121212111122222111211111111211211211122121111112111212121111112
11111111111111111111112222111121221111121111111111111111111211211222111211212121121111121112211212111
12211211121111111111111111212122212111111111121111212212112111121121212111111111111221111111111221122
11122111122212111122211121211111111112211111111111111112211111122211121111222111221122111221222112121
11121111112122121121122122211122211221211211111211221111111112111121111111111112111212211221212111121
12121122212111112111112211211111111112111211221122112121112211111211212112122111112211212112112121221
21211121211211111222111111121112112112121121112111111121221221211111121221221212211111112211221122221
12112211111111111211111211111211111111111211111111121211212111221111122211111211211122111121121211122
22111112121112121122211112112122111111111111211112122121112211211112211111122121221112112212111111212
11211112111122111121112111111112212211111121221211212112111211121121121221221112111221122122122121111
11112111211121111121121111122112211112221112112212111211111222111121211121112122221211111212121112111
21211111111122211111222211212111111221221221211212221112121111111111211211211111111122121211111111222
11111111111111111111111221121211111111212111111122212121111212211121211211211111111221121121112112121
11112121211111221111111112111211212112211112211211121112121211111112121111111121112211121112222111211
21111121112111111212112222111112121121111211111111212122111212112121111211111112111211221122112212111
11111111221212211111211111121221111112121112111211111111112112121111211211222112221211221212211221222
12111111211121111111111121121111211111121221212111122111111212212111112122211211221111222111211121221
11211212221111111121112111112211111111121121211112121111121222122211111211212111122121112212211122121
12111211111111121112112111211111111111111111211112212121212211111211221221121222211121122212111121121
11121121211122111121121122111122221112111112112112121121122211111212122111221221111211111111112121211
21111221122111121111211111121111111111122212122111121111111111121211211111211121112111111212111111211
21211111111111112111112122212212111221221112111122221111221121121112122111121111111111112111112111111
11112211222222111111122112111211112111111211111121121211111111211211121222212111111211221111212212121
11121211111211111111111112111111112122112111121111221111211121111211111121212121121122221111212122121
11212212121122221121222112212111122111211121122222121212122111122111112122111112212211112222221121212
21211112112111122211212121211112221111121112211211221112211112212111221111112121121111111221112111221
11111121221111211111221111221211122111212112211221111111111112111111221122211111111211111121111221111
11121212111111222221211121121111111111112121121221111121111111112211111121211122212111212111111112211
21112121111122121221111111221111121121112111112211122122111121211111121112211111211211211221111121211
12111221112111111211122211211111111211111121122112111221112111111221112212111111211111111112211122111
11111111111121121121211111112212111111111121111111111211222112111111111111111211112112111111112111111
22111111122212111111212111111112111111211111212111221111122111121112111111111111111111211122211121121
11211111111121112222211121111221222111121222211211211221122211111111121221122112211112212211112121211
12111111121111122112221111121111211112111112111211121112111212121111211122212112121221121111221121212
11212211111112112111111211111211211112121222211212122211111121212211111221111221221112112111121111121
11112211221111121221122221111121111121211111112211111212111122121212111111222112211121111111111211111
11111121111212112111111122111122122121111111111111211211111211112212122121112112221222112122111211111
11121112112111111221211111111121121111121212222111221111211121211111121111121111112112212211111121111
11122211112212112111221111211211111111122121121221121112211111121111112111111121112111121111221122112
11111212111212111221111111111121212211111212122111221121121211112111212211112112121221111112112221111
12111111111211111211121111111112121111211111111211221111111111111211111112121112211111211212112121222
11112211111221111122211212112111111111211111211111111122221121111212112111111112111111211112212111111
11212211122111211222111121111111122111112111111111111122111211111221211211112212121111111112221111111
11121221121111211211212121211211111211111111111211221211111112121211111111112111221112121121121121111
22211212122121212121111111112212111211211211111111111111111221121211111111121211221121111221211122122
12111111111112121211122111212112222122111211111111111212122111221111121221221111121121211112111111211
21111111212111221111212111221211111212121122122111112112212111212111121111121111122122212112211221122
12111111112112212111121111121212111111212212111221121111121222121111111112221112211221211112111121211
12111212111212211121111112211121112211222121112222221221111112111112111211211211211111212121212111111
11211112111121111111211211111111211221212112111111111111212121111212111121122111121121211112121112221
22211111111121121111111111112112111111111212211212111211121222211121111112122112211121212111112221112
11112112211111111111221112111212111212122112112211111212121111211111112111211212211211111212222111111
11111112111111112112112222211111122111221111212212111111112111111212121111222122221111211121112112111
11111211121111122122111111111111111211211211111211111211121112211212121111112211111212111122211111212
12121111111111221111111112111112112111211111121111212111112222121111111121121121111121212111111111111
11211111211112112111111221111111112222121122111111111221111121121111221111212212121122111221111121111
21221111122112112121121221211111111211111222112121112111112111212121212212121211121112121111221111122
11122112111112121112211111111112111121122211112112211111121221121111121211211111111111122221212111121
22212112221221212212112111111211112111221112211121222111211111211111121121121111112112111112111112211
11211112211211221111211111121111111122112121111112112211121111211212221111121111122111222211121111111
21222111111111111121112111111211221111111121112211211211212111112211121112221111212111112211222212121
11212121122112212122111121212211212112112111111111111112111212111121111211112122111211111111211211111
21212111211222112111211111111112112111121221121111112221211111212111121211121211211211211111122111112
11112112112121111111212111111111111111111212212111122111212211211111112111111112111111121111211211111
11212222221121121111111121121211221112111211111122112111211211112112121121122211122121211211222112121
11212111112112211211121111112121211211111211111221122112111211221111112112211112121121211121111111111
11122111122122111121111111211112112111221112121122122111111111111212121111111111221111121121111121121
11111121121222111111221111221221211121111111211112111112111122121121212122112111212111112211111111111
21221121111111122111111211112121211111222221111111111111212121111111212212111111121211122111121111121
12111111111212111221112112111111221111111122111111112111121111112111211112222111112111111211221222111
21111111121221121111222211121112112111222111212211122112122112111121121121211121121221111121111111111
11212111212112121111111111121221121122111112111111121121121211111111211221121211111121111122211112112
11112111111211121121111212111111112212121121221222112112111112111211121211212111112211121211211211212
12211211111111112111211222121112112112212121111112112122121111111211111111212222211121111121212122121
