12212112112122111121122212111111111122112112121212121222122212112112111111112212121111121111111121211
11122111221121111212221111112122112112122112112121211211111111122112111112111212212212121111121212221
21121221122112211112121121211111121121121212122111111221121111121121111111212111212112111121211111111
21111112121112122111111111112121211112111111111111112111211211111112212211211121121111211222212112112
21111211211111221211211211111112221111111112111112122112111111112111112112111122221211112112112211211
12211221111211111112111111111111121212211112111221111211111111211211121111112221122112121111122211111
12212112111111121111122111212221211121122121111212121221211212221221121211122122111111211211221212112
22111122122211112111111112111211211211111211211121111111211112111112112111111111111111211111211112211
11121111221111111121111112111111111122121121111111111111121111121221211211112221111111122111122121211
21112111211211111211122212211121111122122211111211211111121211111112121112212211211221211212212221222
12122221221112111111121121111111212111121112211111212121212211211212211112111111111211111121111211111
12111221121121111211111111211112221111112221221211121211111211112122112121112112112112121211112121221
21212111111111112111111221211211111211111112121112111121112212122212112111211212221211211112112221221
12122111221111111221211111212111111111221112121121221111121111111111122112211121212112211122121121211
11111221111111121211111121111211111122111211111212221112111111112121122111112111211211111211111111112
11112211111212121111122111121121122112121112111111111121111221111211212121212122211111212112121222211
21111111122111212122112111222111111222121111112221111211221111121221112212111111122221112112211111121
22121221121212121121121212112111111111121112112112211112212112211111111111121111111121121111121121211
12111111211111122112121121212111122111211121111121111111122111112111122211221111112221111111211121111
11111211212221121112121211221112121111211111211211122111121212122211212111111111121212121111211211111
12221211111122111111111121121112111122111112121111111111111111121112111112222111111122121111111112221
11112212211111111222212121122211112111221111121111111111111211111211112111111121112121221221112111112
21112121111111222111211211111112111122112121112111111111222112112111111122112111211211111111221211221
11111211121111111222112212111111111111111221111111212211111212111121112111211211111121111211112121212
21121221211211212122111221112111211111121111111111111121111121211112112211111111111121111111111211111
11121111111111221211211111121121211111211111211221122222111221111112211111111212121111211111212212112
11121121112111121122111211121122111111111112122111111112111111211211211122111111212111111212111121221
11111211121121122122211211212222211222111112112111111212211211112111111121121111121221111221222122111
11211121121112111211221111121111212212211111121211211111112112221212211111111112112222211112221111111
12111112212112212112112121211211121111111221112112211211212112122111112212211111211111112111121111221
11121112222111211221122121111112112122111122111112212121111121112222212121111211111121111211111221121
11221111121222122112211111122111111112211112222111111121111111211112121111111121111121121211221121121
12121121211211211112111111211211121211211111212111211112121211111112111112111221121211121111111211122
12211111212211211121221211121111111122121111212112111121121111211212121111121122111111112111211111112
21122112112121111212211221111111122221111111211221111221111112122212121112122111121111112112121121112
11121211111212221111111112222122111112111111121221111121211212121212112211211111111111111111121111211
12111211221122111211121111111111222111112112222211122111111211122111121211121111111212111112121211121
11111112121211111112111211221111212121121121211111121122121111111211122112111111112211112111111121221
11211121212121212111111221111121111111111122211211222122122111111212212111221211112111111111111111221
21212211111111112111111111221112112111111111122111112122111111111211122121121112112122112111121111221
11111122222122212211112111111221211121221112112112121121222111211112111111111211111111111111221112122
21212221211212111111111212212212211112111111221212121221121221112121211212221212121111122112121111111
21212111212111111211112121121211211112221111111211112111112111111212111111112121122111211211111121111
21122121121211221111211122111211112111111111121212211211112111211111121111112111111121111121111122211
11111122111211211111221111222111221111112121221211211111221111212111111211122112111121112221111211112
21121121212222122122111221112111111111222121112111212111212121122221211211112112211111112111111121122
12212211211111221121221111222111111121212211112122112111111212221121121221211111111221221111121111111
11111111111121211211111121121111211221111222111122111111121111112111112111212111111122211121122111212
11111122112112111111122221111111112121112121121121112121122111111221221211111121122111121111111122111
22221221122111121121121111221211222211121211111212212121211122111212111112112111211111111111221122211
11111111111121111112112212112111121121112111222112212211112211211212212111222122122112121111211211112
21111112211212111112111121121111212122112112121121112111222112121222211112112121211111111121121122111
11111211112211211122112111211111211112111121122121111221111212212111211111211112221211112212111211211
12111211212112121111212211221111112221111211112211111211212112111111111112111222111111211121221211112
22112212111122121111112121121112112111221112111121111211112111222111221121221111111111221111211111112
11121112112111122111112111121121112211121112121112211121221111112111212112121111112111221111211111111
11112211111121111111111222212211111112111112111122121111121111111111121111221112112111112212212111121
11121211122121211122211112221121221111211222121211211111111111122112111221122111211211111122112122112
21111221112212112211212121122112111211211111121221111211111111112121111121212111121111112112111111121
11111111111122221122112122111121111111221221111211121221211112111121111221211111111212111111221211122
21211222211211211111122112212111121111112111112121111111111121221122221221211221211111112211111211211
11112121121112112111211221211221211111112121111212121112211111111111221111121212111211111111112112122
12112121212211212112211111211211211211211212121121111122111111111112221121111111112111212211121112211
21211211112111111221112111112122211211211111212222111121222111111211111122111111111111111111121121211
21212112122112112211212112112111112121112111121112111221121211211112111111211112121112111111121211112
11111111121212112121112121111111112211111112121112211121122111121112221212121111122212111211111122211
11221112112112112111121111111111111111121121212112112121122111121122121112111211211111122111112122121
21111112111112112122111222211122221221111112111112111111211211111111211121112121121112111111112121212
12211111122212122111111121222111212111111112111211111111112111111121121111121111221222121121111222111
11211111121211121112112111211211111212121112121121211111111221111212111112211112111112111211111111211
12112121211111121111112111221112112122111212111111211111211121112111111212111221112122121221112221211
11211222211112121111111111221111211211121111221111111121211112211211112121211212121112221111221111112
21121112111211111111111211211211211111211112111111111111111111112112111211211122121221112122121121111
11112111212112111221121211112112121111112221212111121112111111221121112111122212121112211212112121111
22211112211211211111122121112121112221122212111111111111121211111112112221212111122111121121121211122
11111112221112212111111111121221212122211111111111121221112211111211121122111111112121212212121211111
12211121122111111122121112212111111111111111211112211111221122211211122121121111111211111221112121221
11112112121112121111211211221112121111122111121122111212111122212112111122211112111112111221221111211
11122111212111111121122122121121212112111122212122111111211121112211122112211111112212111212122112111
12111111112121211112122111211112111122112112121211111111111212212121221112121111222112111121121112212
12212121121122111121211112111211221121111212112211121211212121111111111211211112122111111221211111211
21111111111112122221111121111221111211112121111111111112111121121211221112211111122121111111221121122
11212112111212211111122111212121221112121212111122211212222111111111121121111111111111121211122111221
11212111111222111111112211211111211221111211111111212221212112211111211211111111111122112112211111111
11121112111111111112121111111111111212121211112111221111121212111122112111111122112112111111111111111
21211121111211122222122211122112122111111112112211122121111212121221212112122212121211111211111112111
12121211211111211122211112112111111212111212111111112111221122111112111112111112121211111122111112211
21211111121111111111111211111211112112121221211112111221121221121212222111111122112112112211111111122
11112122211121112211111121111121112112112221111112221111111111212212211121211111112112122112111111221
11111121212121211111122212112111211211121111121121221111121111221111112111212221112111121112111121112
12111111111211121112121212121121221121112121111112122121121211211111211121212121111111122111111111111
11112111121111112111212111211112111122111122122222122121111111211111211112122112121121211112122111111
12111111122212121112211122112121212111211221121221111222122111111122112212121112121211111111111111212
11111111112112112112121211111111111111111111211121121211112111111212211221212111221121111211111211112
11111111211212221121111112111211211121212111111122122211111111221221122121222111111212111111211111121
21111211211111111111211111112111111111112112211121211111121121111211112111111211111111121112212222111
11121211222222121122222122111211112111122212212111122112111121112211121111211211222112111211122112211
22111211121111111111111111111121121122111111112211111112112111121121121221211112211211121112111211121
21112122212111121111211112111111122211212211111111121111111111121212112212111221211111121112111122211
11212122222111122211111121111211121121121111221111212121111211121212112121121222112121111211111121211
11122111111111211212212211112111111111111221111211111112112112112111212121221111111121212121111111112
