21112111112112121112112121121212111212111121112121112211111112221111111112121111111111211112211211211
21111112211111211111212221111121211112121111122121211121221111111111122112212111112211122111211111122
12111112121111121121211111112212112112111112111111111112211211111121121121111112111122112112211121112
11121121221111122212122211222112212112111211212111121212122112211111211221122121211212121111111211111
12212111221111211211112112212112121111212211111121221111111212121122111121112211121121111211211111221
12111212112121211111111111111211211111122111111211122221211112112221211121112111212221112222111221211
11121111211122121221122111212112122121111112122111111111221221112112111111112111122111111111111211111
22121222112112112221121211111111211211111212212212221122211111211111111212121122111122111211111122221
11111211111111211112112221111111112112211112111111211111222121121121221111122112111121111121112111122
12211221111122121111111111112111112212211111111121111111121222111111112121211111111211111222121111112
11112111211111211221211121111112112122211111212111111121111112221111111111221112212111112211212111111
21111111211111121121121111222212221111211111121111111112122211111111222221112111121211111212212122111
11111121111212221112111121121122111211222211122121212112211111211211121111111212112211221121211121111
11122121121211211211212121111112111121112111212121111111211121211111122111112112121111212122111221112
21211211111221121112121111121111121111112121211121111211221122212111111111122212222121111112112211211
11112112111112112221111111121111212112112211221111212211111111112121121211121111111111221121121111222
11112121111111221121111121121111121112111111111111221111221211121121111111121111111111111111112112211
11122211211111112111212111111112112112112212122221121121211111111211121121211121112121112112122211121
11111212222122111121112112121111121212111121112212211211212121211112111221221122221111121111111111112
21221121121212111111212111122211111211111121211121211112211112211111111211122112211111111121111121111
21111211111111112111111212212111112121121112111111112211112111211212211111111221112111211111112221121
12111122111122111111111111111121111211221211121111111221121212222111112211121112111111111121121211122
12211111111211212122121121121221121111112111211112112112112111111111221121111212111121211111112112112
11211111122122111111111111211111111221111211121111221221111122122122121122122112111221111112112211212
11211112212122112112111211222121212221211112112111111121121122111121121112221112211111211211121112122
11222112121112111121121211211221222111122112112112111112112111122111111211221212111222122121121211111
11112111211212121121111111111121212111121121121111112111111221111112111111211111112121111111211111111
11111211112121121212111112121211111221112111111111112121111111122221121111111211211211111111111121112
11121111111111121222111212121112111112111112222221211121122222221111211111212111112121211122121111112
12212111111112111111211211122221211112111222222121221112111221212111211111211121112111112111112212111
11111111211112112111112111211211111211211111112111111111211121211121111111112211221211211111111111111
21121111122221212212212111111111111111121221112211211111221111121221111112112121111121211111221122112
11121121211212122111111211111211121211221211211211111211111111112112212221111111211111111121111121111
21122111211121211112211221112111111111122111211211111221211221121122112121112211111111111122122221111
11121111112111122212112111221221211121111111212111111121112111121111121122211121122111221211211111111
11111111121111122112211111121112211211112122111211112221121121222122212221211221111112221112122221211
21111111112111111111111121121111211112122111111211222111111111211111212121122121121121111212112111111
11212111212111211121121111121111111112111121212111122111211122111211211112111121111111211222111112111
21211112211111211212211121121121111112111112121111122112122211211111211111112112211112111121111111211
11111212111211111111121111111111121211111211111211211121111112111211211121121211112211111111111111111
21211112121112111111221111111121121212111112111121221122121111221211111112122111121111111121212111121
11211112121111121221111221111212121121211221121211111111211121111111121111122121212111112112122112211
11212122111211121111111212111112111111211121112211121112111112221111211121111211112112111221111121111
21211111211112221211111121212112111111111211211211122111211111211212122211112111121121112222112111211
21111112212112112211122111211111111121111112112121112111112112211111112111112111111121222112211111121
11112112122111211222211212111112211111121111112112111111111211111112211211111211111111111221112111221
11211111211221121112111112111111211111111112112221112212211212111111211212212112221111111122112111111
11211121111111122111111212211221111211111121112212221111111111212111111111111112122111221111121211111
11112112222221111211221121222112111121212211222211112121111111111111212112111121111112111222221221221
21112121111121121111212112111111121211121221111111221111111121111111111122221112122111111111211121211
11111111111221111211111111212121111112121122111112111111212111112111211111111211121111112211111211122
22111211111111211211111111121211121211222121211112111111112111211121112121122111211211112212111112112
11222111211111222112112222111222121211111122111111211112111111211111111111211122111111111211111111111
21221112212211111112121121112111212111211221111111121112112222221111112211211111211122111221221211122
11111212211212111221111111111111211112112121211111111211111111112111121121112111111211111212121121222
22221112111212212211122111111211121121111211122211121122121111211211211111121122111111112111111221111
21111211121111211111111212112112111111221111211111111111121121211122111112212121221221211221211211112
21221122112111111121222111112211221122111111111111111211122111111111211111111112111111122211112122112
12111111221111111112112112111121211121111211212111211111212111221121221121111211112111111121111121112
11111111211111221121121211121112121112111121111111221221111222112122121211112111111111211122111112111
21122112122121112222112122222111111222211111221112111111211122112211121121121112111122111111121111211
12112121222111221211112111111111121121222211121212121211111111112211111211122122111212122112111212222
21211111111111121121122211111121212112121121111111111111211112111211122111111111121121111212112111122
11112112111111111211111211222111211212212112121122112121221122111121221111111221111221111221111111211
11112111211111111221221111121111122221211211111222121221221111121122211212112211111111211211222112112
12111111211112121111111111121211211112122121112111121111111122111122111121211121112111212111121211111
11121111112121121112112111112112121121121211121112211212112111112221211212211111111112121222111211111
11112111211121121221121221121212121112121111211121111111211212111121211211112121121122222111111212221
11111111111211211122222112211222111111111112112121112122211111121121212121111111111211112211111122111
11211112112121121112111112221112112111221121111111221121112111111111121121121121211111212111112121112
11111112122211222112112112111111121211211111121212212111111122122111111111112211211111211211212122111
22121112111112111112122111111211122112121122121111111111111111211121121212121111111111211111111112111
11221121211111222111122111111211111112111211112111212112122121212121122122111212121222121111222112111
11112112111221211222111212121111112222111112121121211111111211111211121212111111112111111112211222211
21111212111111221111211211122112111121211122111111111121211211112112211111111212112112122211212121111
11211121112221222111211112111111112111212211111111111121211122211122111122112212211111111112112111121
11111212111111112111121121211121122112211221221121112211211121111112121221121121121111112211221211121
21222211211112112111111212111121111211121121121121211111112221211121211112112211211121111212121111112
12112112111121122211111112121211211211111222121121211122111221111121211111111111111211111111212111121
11112221211111111111111111111111111122121111111212122111221122221112111111122111211122111222121122112
21111211112111121122121122112221111122222111211211211111211221121112121212111121111112211121121121112
12211121122112121111111111111122211111111111211112111111122222112212221211111211221211121111211211111
11111111112212111112112111121111111111121211212111211111211111122221112111222111111111112111112121111
11121112111211211121122111112111111122121211211111212112111121111111111111112211211211122121221221111
11111111211111112121121111111122221211111111121121111111211212111112112222111211121111111111212112122
21212111111221121121121112111112211212212122111212122111112211222211111111111122112111111111121111121
22112111211111121221122121212121111112112112111112112212121112112122111221121211211112121112122112111
11221111111121211111111221212111111121222111112121111112111121212121111221121221111111221111111222211
11121211112111211121122111121111112222111111111121121211122212122211112211121111212222111121121121112
21111112211112111122121111121211111212121221112111112212111111111111121211212212221122111211111212111
11112111211111112112111111122111111212211112121121221111122121112221211212111211121111111112212111222
12111111111111111122211112112112111211111111211211111112121212111111121111111111112111211111211211111
21121211111111121121211111211111122211222111212211112211122111211111211211211111212121211121221212111
21111111111111211221121222111211211111111111211211112212111112122211112111112111221111111111121221121
12112111112211111112112111212112111122111111211121222121211111211121211122111122111111111121121111111
11221111111121121121211122211212211112112112111112111112111121111111111112211112112111111111112121111
21221111211111211112121121212111112121212111111221111212211121211212111111111221211121112121211121211
12121111211111112111211121111112111221121112122112111211121121121121212121121111222111111122121111111
11122211112112111221111121122111111112221111212111111212111111112212122121111111111211112111121111121
12221212222111112112112211121222212111111112111121121121211122211121212112121212112211111111121211121
21112111121121121121121111121112111112112221112221122111122111112111112121112111111121111122111111221
