11111111111111211211111221122121111212121122111111111121112111211212111212112221211121212211112111111
11122112211212111111111111211111112112212111111121122111211211121111112211121112112221221111212111111
11211111221221211112112111112221111111211122111121111111111121211111111112212121111212121121111111221
12211111112112221121121121211211112121221112211111112111121122112121111211221111211212111112111111121
21112121122112111211112111121212211112211211211111111111111211221112111111111111112111122122112211122
22211221111121211111122121111111111111111112121222111112111121121121211111111112212211121111121111112
12111111112111211121112122211111211221112112111111211112121111222111111112111111121211112112112211111
12222212211111111112111111121121112211122111121121111111211111112212111111111222122122212111112221222
12211111111221111111111122111211211121111111112211212111121121111112211222111121122121111211121112111
12122122111111221112211211211211221121111111111111111111211212111221111121111111211211121112111111111
11212211121211211111112121111121112212211111121121121111221211112111122111221111111121122221211121111
11121111212212111211111111211211212111112211111111121111111111212112221222112211222111112212112211221
12221111112112111112111211111111211122111111112111211111112211111211212211121212212112212211111111112
21111111112211211111111111121211111111121111211121112212112111211112112121121121111211111211111112111
12222111111221111121121212112122122111211111111121122121111221111221221112111222111212111221111121112
11111112111112111112121112112121212111111111121111111111221211121112121211122111111111112122222111122
11221111211221222121212212111111111112212121211111111111111211111121221121212112111112111212112221111
22112121111212111221111121121111111122112111111222111111222111111111221111121211111112211211111111111
12121121111112212111121222211111121212122121111121112112211212212111121121112111111122112211121211121
12111221122112112111112111111111111121121121111111211221122111112112122111112212211211122211111211111
11212121211111111111212111221211121121112111112211211121211111211221111221112111111121111121121111112
11111221112112211112112111121112112222111121112211111121111122111212111111121122111111122111211111112
11111221211111111211111222121111212111211111111111211212111221112121111112211212112111111221112211211
12121122211211212112222111211121112211112122111111121211211111112212111112111211111111112222112111221
22111111222211121111212111221112112111111111221212122211111121111111111111111111111112121111121211211
11212222111111211211121111212121111111121121112111221111221211211111111112111122122211111111112111222
11221211112112111122221111112112211121111112211111112111122121111212121211111112111111111112221112121
21121111222111212111111121121121221111111111221112121112122221121111111111121212221112112212112111122
11112112111122121211212121111112112212211122221112211121111211221212211111121112211121111121111121221
22221211111112122221212111111112111121122111111121122111121111121212122111111222111111112111121211111
12111112212111121112122112111111212211111112211211122212211111221212211121111111112211111112211121212
21111122111212122211212111111112111112111121112112211222221211211112112111111122121222112121112112111
21221121111211111121121221111211121111111211122121121121121111122211121111111212121111111111222112111
11121121122121211121111121112121211111121111111112111111111111111121111111111112122111112121122121211
12111111121211111111222222111121111111122112121111122221121111111211111121111112221111121212121222211
21121112112112111212111112111111221121121111111112111221121221212111122211112111111111112211111211112
22211222211122111211212111211121121211211112111121112111111111111222112121211221212111212111211112111
11112121112111212111222121211122211121112121111121112212111111111111111112211211211212111212222212111
12112211221111111111111111112111112112111111111211121111111221212111111212111211221211112111111211211
12212111211112112112222112111211112112211111122111111211111111121111122121121121121212211221211112111
11112112112112111222111211111111112112111122211121222211121221111121122211211121112121111211112111122
11111111221112122211111111111112121211121111111111212212111111122211121212111112211111122111111112111
12211121111111212122221112121112212221111222111212111211111221112121111221111121121111121222111111111
11222111111121121211112211211111211111211212111221112111211121221111112211122212111221212111211212111
21222112121121112222121112111111111121212112221212222112121111221111112121111121121111222112112111111
21112111111111122111121212112112111111111122111111111111111111122112121122111111112122112111211111111
11121122111122211211112111111221111111221111121111111221212221212121212112111212211112112212121121122
11111212121121212211111211121111121111122121211112111122112121111111112111121121211221111122111212121
21121111112212121121111111112111111112211212111122121211111111222122112122211112122111111111112121111
11121111111111111112111111121112121111211221211211111112121211111112112111121121121222211111111211111
11211111121112211121212111211111111121112221222112112112112112121111111222112112111212111111111121221
11211122111111121221112112211111221111211111212111121211121122112221111121111112211211121212111121222
22211211111112211212121112122121111121111111211112111122122121121111112112121111111112211111221111111
21211112111211121122111111211212211112111222212121111111211221122121111212111111211112211111121122111
12121111211211111221122221221111211111111112111212211111221111211111112222111221111211121121212111111
11221121111212221112211112111112111111111121121111112121221112111111211111111111111112111111112211111
11111111212111111212112122212211112212221121211112111111122221212211121112111112111221112112111211111
22221121111221111222211111111112211122112112111111121111122122112121121211111122112211222121221221111
11122111111111221211221212111212222122111222122211111211112122211221211211212111112111221122112112111
12111111112111211112211111111212121211121211211111111112211111121111222221111121112222121111212211121
11111111111111111111111112121111112222211111222221222111111212112211111121212111111112112221221111111
12211111121221112112112111212211122111111221221111111122111111111112221121111111121111211212111111111
11211111211121111121121112111112111221211211111212221211121211121211121111111111112111111122112111121
11221112121211211111111121211112211211112212122211112111111112112111121122111111111212112122121111112
21121111211111111111111211211112121121111111212121211211111211212121111111121111121212111122121112211
12211221111121211111122222111212211211212112121111111111121111112121122121111111111121211111121211112
21211212222211111112112121112211111112121221112121111111111112211122111211111122122112111121111112111
21121122121111121111112211111212211112112112212211111111211111111211112112121212111212221121222122111
12111121111111111121111111111221121121112122112112111112211222121112111121111111111221112112212221112
11121112112111111112112211111111122111111112221111121211111111111122121211212111111111112111221212212
21122222111211122112211111212111121111111111121111121122121121122221212121122111121111111221112112111
11121111111111222222111121221111211111111112122111112111111222111112111111211111221111111112111121111
21121111211221111111111111111222121212111112111111111121111112111112211211111211212112111211121112221
11121221111111121121111211121212111111121211111111111112112122111111111121211111211111111211211112211
11221121211221111221122111111121121111111211122212211122111212212121212121122112212121121211111112121
11211211121111212112111112112111111221212112112112222111211221112221112211212112121121122122111112112
11112112211211211111211111212221212112212112211121111112112112121111112122121212211111111211222121211
21112212211112122111111222221121211211112111111211112221112112112111112111122211111122112111111221111
11112111121211212111211111112221111211221121211211111112121111111111122111111222111111111111111121111
12211112112111111111111111121111121211121121121111112222112112122211222111122111211111211122111111211
11122111111112111111112111212222111111111121111121111111121112211211111212221211112111111111111121111
11112122111112112112211112211211111112111112121111112211111121111121122121111111122211211112111111121
11111121121111121211122211122221111111121212112112212121112111112112111112112111221111212112111222111
12112121121111112211122121221111112111111111111122112112111122111111111121122211212221211222122122111
12112111211122111211211211112111112221121221111112211221121211111211212122211112111221212111211211121
11112211112121111221111111211211121111111111211111212211212111111122211122112111121112112221112212211
11221211112112112121111211121122221221212222121111212212211121121111211211121211121121111111121212121
12111121111111111211211112212211111121111221111111211221211111111211111211222112111212122112221111112
21112121111221112111111222112221121111121121121121122122211112211221111212111111111111111121111112121
11111121121211111211111111111112221121111111122211112111111112112121121212112121121221121211211112121
11111122211111111121121112112111111121111221111121111111212211111112111111222122222222112211111112111
11211212112111211121111121121112211121111211121211211111112112221121112122111111112111112112221111212
22121112112211111112111121121121222112112122111212111211211111112211111111121121112111112112221111121
11211211111111212112212112111111111121111211121212111111121111121112111111111211111211121211111111111
22211121121111111111121211221111111111111122211211112221221211211111112112111112112122112212211112221
11111211222212122211212211111221111111111121122211111121221112111211211121211212121211121221112212112
21121212211211211111111211122211112211111211211121221121221212111111221111212111211221111111112111222
21221111121121122212121111111221111121211111112212211121111111212221111111112111111211111112111211221
11112212221112211112111111112211222122111221111212111121112121211111111212111111111211111112211112122
22121121221111111211112212121121112111121122222122121111112222211222212212211121221111111211121212211
11111111122121111112111122111111121112112121111122121112111112211111121121111111111211222122112112212
