21122111121212122122111121121211211112111112121111111111111111111111221111112211211112111121122111112
21212221221212111111212111121112121221212112212111122112211121111212121211111112211111111111212211111
21111112111122111112121121111111112121111111211212111222212111112121212111111221122111211111111111111
21211211111111122112111111212121111121211111122122212111111121211111112122112122212111211111222222112
11112122222111111212111211111212122211121111112111211211211112111111221121222111112211111111212112221
11112111121111111222212121111211121111222221211211121111112111111211121112121122212211122112111211221
11121221111111211211211111121211211112112122221222212211111111112122121122211111212112121111221212221
11112122111122111111111121111122111211221211112112121111121222112122111211211121221111211221211121111
11111111212211221111111211121222211111211111212212111212111211111212121121111212112112121112221111111
21211111212122112111111111221211111111112121211111111112111111221211211112211122111112211211111111221
21111111212111121112121211111212211122211221111122111111111221111111111111112121122221211112221212112
11111212111122111111112121211222111112211111221221211122112111212212212221121212221221111221212111111
12111112212211111121111222111112111112211122112211212111211111111212212111112111111112121111122112222
11112112111111121111112112111121111111122111211111111112211111121211122112211212211111111222111121111
12111212222121212111122121212111111111121212121211121221211111121211121121121121222111222111111111121
11111211211222211122212111211122111121112112111212121121211111122111111121111121221111121211111221112
11111211121111211121111111111211112111121111112111112212112111122111111221111211211112211221111121112
11111212221211121111111211111111121111112112122211222112211121221111111111121211112222111211212111111
22111111121211111111211211112221121111111221111112121221121121111222221211111112121221112111111111212
12211111111111111111221212111112212221112222211121111111211211112111121211111111111222221111111211221
11211121121111111121211121211221211112111111111111211211112111111221111211111112221211112112111111121
11211221112111111111221211222121112111112212111112211111212122112121212121112112121212222121111111211
12112212211122121121121211111222121111111212211111122111111121112111212111121111212111212121212212211
21111121211111112111111211211211121111121121111122111221211211111111221111211121121111122121121112211
22211112211121112211121111112111112112111112111212212121111112211111212111111212111121122121212211121
12211211111211121211221111121112111111112112112111212222212111212122212111112122112112121111212121121
21122112121122122111222121112121211121212112221111112112112111112111121211121111111211111111112121211
11212212111111122111111211111121111111111212111211222112111111121211121122221111221211111111212112122
11112111111111111122111221221211111222211211112121111111111111211212112112111112111111112121111111111
12211212212111221121111112211111221111112111122111212211211121221111121111112111112111111121121221112
11122112212211121112111211121111112111121122112212211122112112112111221112111211221111111111121121211
11122112122211111112122111212112122122111221212121111111111112221111112121111122111111211212111112122
12121111111212112211111112121121121111211121111221111211112111112111111122121111211121121122111121221
22112111221211212112211112111111112121111112121211212121211212212111112122111212122111111111111111112
11222122212111122121221111112122122111212221212111221121112112111211111211111111212112212221111212111
21211221111121211111211111121112111121212112112111122211122111111111212111112111211211111111111211221
11221212112212122211111221222111111221112112211111211211111221111111121221111222112121211221111221212
11122111121122122112111212111112222111222121112121122111122211221122111121112121221111222112121211121
21111121211111211111221121111122112212122121221112121111111111112112111111122211112111111111122211112
11111112211111212112121211121111112121111111111112212112212122111121121111111212112211122111211221211
22211111112112111212212121121221111111111121211121111112111111111221112222111111111212111222221111221
21122122111111211111111112121112111111121121111111112121111211111111212111111211111121211112112121221
11111121221222222122121111112221122112112121111121111111121111111111121211111221221111111111111211211
21121111121112111211211222111111121121112112221122111211112111121222121121111121111112111221212111111
11112112212111221212221111112211111112111111212112121112121111121111111212211211121122121111111212112
11111121211121121111111121112211222212112211111111111111122111112121111112112121121212211122111121211
12112221121111111112212111111112112111121111111112211222111211111211121111212211211112221112211112211
11222221121111211111221212111212111111211111111211121111211111112112111111211211121112122211211111221
21211112111111211121112112121122111122111221212211111212112111211211112111112112122211212122111111111
11211111122111112212112211212111111221212111121112112112112112111111212111122112221112112111221111112
12112111111212111211112111112211222111211111121211111112211222122112212112121121121111122122111212212
21112111111121221111111112112111211112112211121111111112111111111211111111122112111111111112111111111
21211211112111121122211121111121111212111222111121121221111211121111211211121111111111121121122122121
12121121211112111121121111111122121121211212121111112221122112112111111111111121211121222112112111212
12211111111211122211111111112111111121221111111112122122212111122111211111121221112111111112212111221
22122111121111111111211121211221112121211221111122211211122112121121112111111121221211222111111211212
11111211111212111222112111111111112121111111212121112111212121212221121212122111111222112212112111111
12211222121211222211221122111112111112221112122122111221111112121112111221121112211112111111122111221
11121111221111122111212211122111122111111112111212122111121212112112211112111112211211111221111122211
11122122122211212122122122111211222111111211111121221121212112212121121211222211221221112111111111122
12111211112111111111211111112211111112122112121111111112111221112212222112211111112111111112121211122
11111111221112211212111122121122212112111111121112121112121111221111111111111211211111111222121122211
11111111211111121221112111112211111111211121121211211111111212121112121211111211112111112111211121212
12112111111122111221111111111111112122112211111121122112121112111121111121212121111112111111111121111
11221122111211221211222122112212211211111121111212121221111112211211112211211111111211112111112112212
11121111121111112111112221111111111112121111111212112112112112221111211122112221111221111111111111112
11211211211122111212121111121121221122122111222112211222111122111211111112211121112111211112112222221
12221112111111212111111111111111211111112112111112111111122212111111122111212121121111111212211111111
12112222222221211122111111111121112121112212211121221111111221222111221111111221212111121222211111212
21221121111111111211211111211112212112121111211121111111211121111111212112212111112111211121112111111
11122211111122122111121111111211221211122211121111122211111111111211111111121122121211111112111112111
11112111111221222112111221221111111122221221122112211222212111212122122212111211212212112111112112211
21122221112111212111211112112111112121112212121111212111211211111111112121111221112111111121111111111
21121112121111112111112121212211121111112111211111212221212111221111211221221122211212111111112112111
11112111111111112111111211211211112112111111121111211112121111211111212112112111111211211121111111111
22111212121112211221211112121111211111111211111212111111211211121221121211212111111112112112121221111
11111111212211211111121211111222111221111211112111111111112111111121112112211111211112111211111211121
11212211111212121111221112111111111121112211211112111111112211222112111112211221112112111221121111211
22112111111111211222122211212111111111111211111211111111112112211112121112111121211111112111112221112
11111111222111112112211211211212112222111111122111121111121211221211211111111211111111222112111111112
11212111111112121121211122112112111111111111112211212121111111211111111111111221112111112111111111111
11211122111111112111211211212222111211112222112111121112122111111222111112111111112211121112112111221
22211221121121111212111111111121211121111112121111111122111111211112121122221212111111211111112221221
11111221112211111111111122112121111111121112111111122112222222211112211211111121112111111222121121221
11111221111112212122121112111112221121122112111111121221112111212121121121111121111111121112112111211
22211221221222212111111212111111112111111121211112111112121112111122121111121111121121112111122112221
12221121111111111212112122211211112122112212111122111112121111221111211111121112121121121121112212112
11122221121112121121112111212112121211111111112111111121221221222111112112111112111212111112112211111
21211112111111122212112111121112111122222111111112112122111211111221111111112212121112122211121111212
11121111121111112111221111212121121211111121111112121121211212212111121211221122121112111211121111121
22111111121112111122211112212111211112121111211122111211121111112111111121211211112212111121121211111
21111221211111212112112112121111211212112112121111111212221112221221111121111122111221112121112121112
11122111211221211112111112111211112212111111211221211112112111111212121121211211111211212221111211111
21111121221212121221121111121112112111212212111121111121111111112122221111122111212211112121111211211
11111111122112111112211112112121121121121111112221221112112121121111221211211111112211121111121122111
11111111112111111112112112221112211211121112111122211112211112121111111112121112112122211111111121111
11211211112111111211122111111111112112211111111211111111111121122121121211211211211111111111211111211
11222111212121212111111121122112111111111111121111121111111122112121111222112111111111111111122122211
21111211121211111122212121121211121212111121121122111111111221112121121212111112111111211122112121111
21112211111111212111121111112111122121121221122111121111121211221112221112112111212111111212112112112
21111212211111211211211111121212112111121111121111122111211111122211212121211111112211111121112121121
