11111121112121211111111211212212121212221111121112111121212221122111111112221111212111212211112111111
21212212111111111111111122112112122111112112111112111112211111111221111111111111111111211111221111121
12212122111121212211121211211112111211212111122112111112111112112121112121112212111122121111112111111
11211222111112111221111121221211211221121111122112111211111122221211221212211121122212122112111111111
11211112212122111121211121122111112111112121112111211212211111111222112121112211112111211121211212211
21111121211111222112121112211121111111222111121111221111211111112121121111111121121111112212121111111
11221112111112111112111211221111111212111111211112111111111211111212211121211121122211111112111212122
11212111121122111111112111121112111211112221121112111111212111111111111212111112111111111211111211111
12221111111112111121111112122122112111111111111211211212112211111121112111221111111111111212211112121
11111211111211111112211112111212111112112212212111222212121221121111211111222111111112111111112112111
11112211122212111111111111122121111211112121122221121122112121111112111112211221211212111121111121121
21111211212211111111111111211211121122121211121121122121111121111121111111112121121112112111111121112
11211211112112222121211211221111211122112221212122211112211121121112112111121121111121111122112221111
12112221111212211111111122111112112121121112121111122112211122121122211211121111111112112121121111111
12121121111221111111211211111221221212112111111121122112212212111211212211111111111111211112111212111
12211122222111112221122121112121111111121112121112112111221211112121221121111112111211121121111111111
21111111121112112112211121111112211111112121221212211111111111111221111212211111111111121121222221111
11211121121211111111111211222112122211221112212111111112111121111111111211212111111121211112212111212
11211111211111111112121122121221111111112212122211111111211112121122112111111221111121111111211122111
11111212211221122211112111212212112211111121211121211211121121221211111111211121122111221121211211111
11212121221122221221212211111121111111211211211111111111122121111121212212122111121111111211112212112
12111111122211221122111121111112212111111211122211112212121121212111221112112121111122221111111211212
21211211211212111212111111211121112111111111121121211212211112211111111112211211221112211221122112111
21212111111211111111221112212111111211111112211111122211111222212212121111112121111111111111111211112
11121211111221111112211212112211121221121112211111111211221121221111211211211112121111211111111111211
11122212121122111111112111111121112111221211111111111111122112121112111121211222211111211111111211122
21121211211111111222111111111221112112122211112122221111221112212121111111211111212122111221112111112
21111111211221121111111111121111111111121111111121111212121211212211211121112111111122121112211111121
11111121111211211221112122111111121111212212111122122211111221121122211121211111111122122111111112111
22121121221111121111111121112111211211211112112112111111222122111111121111111111121112211212121111111
11112211111211211111211111211221112111111112112111211111211111112212122112211112111111111112111212121
11211111221121211121111111211111112111111221221112111111122122111122221211111112111111211111211111111
12121121211111211122121221111122221111121111112111111111211111121211112112211121212121111111111121212
12211121111221111211211112211111111211111221122111111122111111211111211112121111122121222112212111211
12111211112111211111111111211111112111111211211111211121112111211121221121211122111122211112111222111
12111212111221112111111111111111112221212111222111112211112122211121212121112121211111121111121122221
11222112121221121211111211211121111122111211121211111111221121121121112211112111211111111122221111111
11221112121211121111212112211111111212111111111121112112211211222111121212211111221221221211111111111
21111111111111211221111212111121121121111122212212221111221121111112112121211111122122112111111121111
12111221121111111111111111122112221121111111122112211111111212111121121211112122212111111222221211112
12111112112121111111211111111211121112121111111111111221111111211111111222122111111211111122212121112
11111111211221112112112211111111112111212211112122211211112121111111111221211111121112211111111211112
21122222111121211112111121112221121121111111111211221222112111212121121111212111221111111121111221211
21121111112112121111122221112111122111211111111111111211111212111112211211121111112121121121111211111
11211121212221211221112211112111211111221121111111221111221121211121112111111111112111111112211111111
11111121111111111221111112111112122121122112122111111111112112121122111221112111212221111121221111111
22111111121211111122111221111112121221111121212211221111111121111222122111121112211121111112212111111
12111111212121212111111121212121112121111211111112111211111211122111122211111211121211111111112112111
21112122112211211112112121121111111112212111122112121211121211211111111112211111112111111211112111111
11212121212222211112111111211121122112212111111111111222212211121111111111221111212121112212112112121
11111212212112112211121121122122112122111111111112111211121111121111212211122111221212111112111112121
11211211211111111221221112121111112211221111121121122212211212122111122111111111121111221112111111121
21112111111111112111111211111111221111112221122111111211212211212221111211111211112112121111111222111
21111122121111111111121212222111111111112112111212222121221112111121111111211111111121211121211221111
11111211112111121112111212121211121112211221111221111212121111211112122111112111122112211111121212112
11221112121112211221111121112121111111111111221211212211211221111111112111111221221112111111111211111
21121221112111112121111112111111111121111222211211121111111111111111111211211111112111111111111112211
21111211211111112121111121211111221111121111211111221212211111121111111111111111221211221111221111111
22111121212122111111122111121121211111111111221112121121111112211211112221211111111112212121212111121
12111111111111211111111121111211122112222211111111111111211111212211212111212111111112121121211111221
11111111212211112111122121112112112211111111221221211111112221111122111112212121111111212211122111111
22112122122212111212212112111121211111122211212111112111121112221111211122121212111121112111111112211
11111212111111111121212212121121111211111212122111111221112111112111221111111111111111212111211112112
11211121111121211121111122111111211111122112112112211111212112111112122121112211111111121211121111111
12221211111121121212111211111111111121112221212111212112121211212111111212111112111122111221122111221
12121211111212111112121122221122112112221212121121112111122111222111112211112111211211111122122221221
21112111111111212122211221111111221211211121111112111211111212112122111121111121111111112211121212111
12111211221111111211121111211111121121112211111111211111112211221111122111112111111211111121111111222
11221222212121111111111121122122212211121121212112112111111211211111121211111211121211122111121112121
11211112112111121212121211111111111111211221111111221112111211121212122221112121212111211112111211212
21111121211112121121112112111122111111211112211221111111211122111111121111211122111111121112111112211
22111211111212112111111121211111221112121111122221211111111121111121221111121112111221111111112112111
12111112111111221212211111121121212211111221211122112211121211211111212111212121111212221112211112112
12111112212112112211121111211121111111121122211221221121111211121111211211221111221111212112111211111
11121111111121111111211211111111211222221111111112121212211111121221112211111111111211211221211121111
11212212211212111112112211111121221111122111222112122121111211111122111211111111121111112121121112112
11221112211211111111121111111121111211211221211111121221212111211111222112122121111111112212112122211
12112211121211112211111122221212112111211111112112112111121111122221111112212111121112121211111111211
22121112111221221111211121111121221121112111111111111112112112111212221112112121112212221211122112121
11112211112112112111111211111111111121112211121121112221221111112211111112112111212211122121221111211
21221211111211212111111212121222121112212111111111111212111212212211211111112212111121112121111221121
11212211121212112111221121211121111211211211112121111221221111111122121111111121111111212211221211211
11111121111121111111112121112121221111211121121121211121112111121112121212211111112221112212111111111
12122211111111111122211111211122111122211111112111222111111121112121111121212121111121111121121121212
22211221121211212112211112211111212111111112111121211121111211111122221211222212121111222111211212121
21122222111112111212121111122111112112212112111212112121112121111122122121221112211211112211111121112
11111111221111111112121121111111212112111212111212111121112211211112211212111121121111221221121111211
12111121211121121111112211122212221111112212211111111121111111211121221222112122121121212122211121221
11122111111111211111122211111112112222121221211111211111212211111111121111111111111122212111111121212
11112111211122121211111121211211111111121112211212121112121121111221122121211222111111111111111121211
21211111111122111221111121111121211112121111211211121222111111112111121212111121211212212211121221211
11112111211111111112211111111111221211121121111211112111211211221211121111111121112121111121121112112
22212211111112112122111111112221122211121121221211211111221211112121112211211211111212122111122121111
12112111111111121111121111121111211121121111212212122122111122111111112111122221111111121111111221211
11221122111111121112211212211111112111111112111111111221111111111111111111111121121121211111111111121
12111112111111111111121211121111221221122111111122221111121121212112121111211212221122111212211212121
11111111211112112111111112211121121211111111111121121221112122211111111211211111121121111112211112112
11111121111121111222121121111112111112211121112112111112122111112122121212112111211212212111222111221
11111122121221111211212112112111111121212111111211121111111211121111121121121112122111111111111111221
12221211111211221121122122122112111212111211111121212111111111221111112112212111221212122111122211211
11121121212121111112121111211111222111112121211111121122211111211112221111211111111121111211111111111
