11121112111121112212111111221211212112111112111111211111111221111121121212211212111212122122111211211
21212221221111111112221212111111221111111122111112111221212111111221111211121212111121211211211211111
11121121121111112111111221121122111112121121121121121211111112211111211211111111111221211112121222122
11211122111111111111111111211112121111211211111121211211221122111122111121111111111121112121121121111
22111111112211111112111221112211111111211111211112211211111121111112111211111111111211121212111211122
11112111222211112211111212111111121121212211122111111111122112211111111111121112211112112121121111111
21121112111122111111111121121221211111212111222211212121112222111112121221111212111121111111121221121
11211211111111121112111111111111221111122121111121111112111122112211112112111211122122111121121111211
11211121121211211212111122112111211211111112111111222111121211221211112121221111112111111112111212211
21112112122111111122121121111112111121112121221222111211211111111212121121221112111211111222111221221
21112111112121111112212111222112121112121211211111111111111122121111121112111111112111211211112121122
11211212122112111112211111221111121111121111111122212212221221221111212122221112121112111122121221121
12111212121221112112122122111212112111211221211111112111122111111112111111111121111112121211112222111
21211221112121112111121111121111122112212111121111112111111211121221111121112212121211121111121111112
11212111221221212211212111122111211112112121121221112121122122211121221112222121111122122121112211112
21211112211111111121211111212112211112112111112111111211212212122212211221112111111111111111111211111
21111112112121211111121221111111111122112122121111211111111212112111221111112121111222111111111211121
21111112122111221112112121111212222111111211221121111121111221211111111111211121221211111112111111111
21122121221121222122221111212111211121111121111122121221221111211121112121211211121111121211221111211
12122121111211211111121212121211112112111111111211111112111112221111212211211111121122111211212112111
12121222111212111122111121211112221112211111111122121222212221111112121112121111112111221111211121212
12122111111121112121112212211211211111111111111112112111211111211211211112112121121221111111221112111
21122111122112121111112111221111112121111211111221111211211111212211111111121221112111112221112121121
21121121111111111112111111111211121212211112111211121112111222111111112211121211121211211121111111111
11111112111211111112111111222211111111111111221112112111111121111222121111112211121112121111221121111
11211111111121122111211221211121121121211112122122111222112212121121111212211121111211122121112111121
12112211112121212211111111111111112211111121112211211121111212122211221121112112212111121211211122121
22221112111122112211111111222111112112111122111112212122111111211112121121221122111122111121111111111
21122122111122111112111111111111111111112112111121111111111221221122111112112211111111111121112112112
11111121112211212212111111112111221211121111112112112121221111111211212121111112111111212211211111211
11111111211112111111222111112211121112222111211111221212112111111111211112211111112211111221221111112
11111111121111111111111111112111112211212111111211122111211111111212111221211122112111111112111112111
11121111121221222112111111121112111111111122111111211222111121111122221112111121111122112112121121121
12112212112222111211111111112111111212111112111121211112211121122111111111122212121111111221211121211
21111111221111122121211111121122222121211112111111112111211111121121111121111211211212111111111212121
11211212211121111121111221111211111211122122212111212211212112121111112211111211121111111112121111211
12122212112221111221111221222211111211221121111211122111111111111211111211121111112121111112112122111
11111111111111112111211121121111122211121111121111112111122111111122222112122121122122111212211111211
12111121112122122111211111111222211221111212111111111121111111211112111121211111222112111122121111111
11122212111111212221212121111112111121112221112211112111112112121211211211121111111221111222211211221
11111122112211221111112112111211121111111111111121212111121211122111111211111121121121111211111111111
11121211121211121112121112111121222111111121111211211111112111121212112111121111112221211121111111121
22211111212121111211112122121111112111122111111121212112121221111112111111111112111122112212122211111
22112121111112222111111111121111122121111111121111121221112111111121222211121121121211111121212112112
12122212121122212111221112222111112111211212112111112112111112111111122211211112122211121111111111221
11111112122111121211122212211111211121211111212112111211121111111112211122112211112212112111112121212
12111111121111111111111111211222112211121112212211211122211111121111212111211112121121121111111111111
21112211121112121221221212111112221211111112111111211211212121122121212212121121212111111112112111111
12112111111221112111121121121111112112112111121211212111121122112221111112121121212221122211111212111
21221111121112111111121122111111211221121111211121121222111111111111111111121112212111122111211112222
12121111111221211211112121112121121122211111211111221112121121221111111122111112111121111111111122121
21211211112111111212122111111111122111121111111121122222111111111112111212121111121211112111121111111
11212111112111122112111111112112111112111211111111111122112111211212111211211211121221121111212111122
21111212111211111111111111111122211112121211111212112121211211111121111111221221111211112121221121121
12111111211111111111211211121111112112111112221121212112111212121211121111212121212211111122122111111
21111211111111111221121211111111211111111112122211111221211211111111221111121212212121111111211122112
12121112112111112121111121111211121211121112111211221221211112112222111112112111212112212121221121211
11111112111121111121111211111112111111112111222212111111111111211121222111121211212121211111211122111
11111121121211121112222211111111121211211122121121212111121112112111111122221121111111112121121211211
11111222212211211112111111111111122111111212111121121212112111211211111212111112111112111111211111121
21122211212121112111112111111112211111111121211121112221112211111121111221122121112211222211222111211
12111111211212112111112212111122111111122121122111211121112111111111111112111112111221111112111222112
21112111111211211112112112111112112211111111111211111111211121111221111211211111111112112112221111122
11112121111212122211112211221211111212211111112121111121221211211111122121111122122222121211111112211
12211222121221111111112111111111121121211112222121111112122212221111211111211211111112111111111211121
11211111111112121211111121111212121111112111111112112211122121112111112111211111111112111211122212121
11111112211112122111111111111221221121111211211112121221211111111211112111121111212121111111111112111
21212211211222112122111111111112111121111212111111212121112111111211121221112111212111211112111112221
12121111112222211111111211222121112112121211112122112211111211111211111121211212111121112112211111111
21122222111111211221212121212211111121112111211111112122211111111112212121111112122212111221111111121
11121111112121121121111111111111111211121111111111211221212112111111212211112111111112111212211122121
11121121111111122111111212121112212211111121122211111121112121121111212212122121211222121111212121112
12111212111211121122121112121121111111121111111112221112121111122112111221221111112211122111211211211
21111111212112121121111212111112111222211111111121121221211111211112221111211211121111111111222121212
12111111222112121111211122111212211211111122122121111121212211211122111111111111111111211122121221212
12111121211121111111211212221112212211112112111211111222111221221121121121111212121121111111211111211
12211211211111211111211211112111121221222122111122122111121212112111121212121111122211121111111122122
22111211122121211222222112121111111111221112111111112222112221111121211212211112211111111111211111121
12212112212211211111112112221121111112112112122221112211111122112211211212211111111211112111111212111
11111211121111121112111211111112112112122121211112211221111211111211111111112111211212111111112122111
11121122222111221111121212112112112111111122122111111221111122222111111211211111121212111111222111221
22211211211111112212111111221121221111112221121121121122112112111211111111111122211112111122112121111
11111211112111111111211112121112211112211111111121111211211122122211111121111121111221211111112121111
21111221221112111111222111111221211112121121122111211121112112121121111211111211211121111211111112211
11121222111212111222211112211221111111111212212122111212212212111121111211221121121211111111111111121
11111112221221111121111121121111111121111122221111112221121122121111111111221111221111111111121111111
21111112112112111121111121121112111212211121111111112111111112121121122221111111111211122221111112111
12111111111221121112221121111112111221111112111122211111121212112121111221221111221121211221111112212
11111111112111122112111121121121121121211111112111211111112121112221121111111122211121112121112121221
22122111111212111111111111211211221221121111121121111111121222121112111122211211221211112111211111111
11211212221112112121121212112111212111211111121111111111111111111111112111111222111111111121121221112
12112111112212112112111121111111111211111121221111111111112111121112221122111111122111122121121121211
11211111211211111212221111221112112112211211212111111112112211111112112112211111211211121121111211211
11121112121221111121112111121212211121112111122111111111212111111221111112112221111111111112212111211
11111111112112211111121121211111111111111221212111111111212121112121212111222222212211111221211111112
11122221111111122111112111111111121111121211211222111111112111112121121211121112211211111112111111111
11211222112112111112211111111111121211221122221121112222211221122112221121112111221212212211121122211
21211211121211112122122111211122111212122111121121211112211112111111121111111121112122121121111112121
11111111111122121112111111222112112121111211112222221112122111111122111111111112211111212111121111211
11112111112211121112111121222111121121211121121111111112111221111221111211111112212112211112211211212
12111111111122112212112111112121121111111221221121222111211112111111211211212121111222112111122212111
