12111111221121211121221111111212111111111121211121111222211121211212111112122211111111111122211111111
22211212112121212111122121121111122211111111211111211111112211122111111111211122112111121211121112121
11111122111111211121211121111222121211222112111111211121211111121221211211111121122111111122211122222
12111111211211111211222111111111111112111121121112112111212211221111122111111111211122121211111111211
11212121211111111212111112211122112112111111112121212212112212211111121112221211212221121211121111111
11111121222111211112111111112111212221111211111211111222111111111221121111111211111111111112112111111
11121211112112212112211112111112211111111111111111112121212111111211111111211211212111111211111111212
11112121211112121212112212122111111111122112112211211121211112122111122112111111212121121211121211211
21111121221212222112122221211221111212211122211211212111212112111112111211111212121122111212121112212
21111121111221111111111112111121122121121111111112111112111121112111111111111111121111212122121211122
21111221111122111122111111121211122111111211212112112111112211211211112122122111211111221211111111111
11212111112121111211112112112121111221111111111111111221122111112122121111122211112112111121111112112
21112111111212211211121221121121112211111121121121212211211211111121122111111112111122211122112111212
12211122111111221111211112121111121121112121211111121112111121111122111111211111112211111111111112111
21111212111111111111212222112112111111111111121121112211111111112121111111211111122111111121111111211
11111122211212111112211211121111221111111212211121221221222121111121111112121211112211122221221111121
21122111112112111221112111111222122121212112121121111121112112111211122121112112121121212111211111112
21111111112111111121221222221211111112121121111111111111111221121111121111212121112111112111112121121
12121211111111221221111111111121112121122121111121211111112212212111122211111121211112221111111122121
21212112112212111211221111112112111121121211211111111111211222111212111211111111112211112121112122112
12111211112111121211111211211111111221212111111222112111112111111121112121221121221111111121122111212
21212111211121211212111112211121121211211122111112121222121111121211111112121111111211121121122111112
22212112112112111122112121122122111122211211111111211122112221121121121211121221111111111112212112112
11211111111121112111121221121112111112121211121211111111121111111111111111112122121121222112111111111
11221211112112111111112212211111122112111121111122111212112211111121111112211112211111111121212112122
12112112121112121221222211212211111111112111112111122112112211211221122112121112111112222112121111211
21211111122111112212111212211121111121212111111222111111111111112111112111122112111211112112221122222
11112212121211211111112112122221111112121222212111211221211211211221111111211212111111111112111221111
12111111221211111111111222112211121221111111222111221212122111221121211121222221111111121111121111111
12121112212211221122121111211221122121111111122111222212111111111111111212111111111121121211111111211
21121121112112211111112211111111121121121212212212111111111111121111122121121121111121111211211221212
12221212121211212211111212221111111111121212111111211222212121211111211111111111212121121111122111121
21111121121121111121111221122112211111212111122122111111211212212111111112121111111111211221211112121
21212111112212111211112111112211212121211111121111111121211111111121211112211111221111112121122111111
21112212112121121112112211221211112111111122121111211111121111111221211111122211111111111112212121211
12112211211121112111122121121111111111112221111121121111111221111121121112111111111211112111221111211
21111111121221111121111211212111111112111111112222112111111112111221212111211111111111211122211112121
21111111212111222111211221122111211211111121111111211221112211112211121122111212112111111211121111112
21122111211111111221112111111111221111221112111111112112112212111121122211111122111111212121221111112
21221211122111112111121211111112111121111211121111122211212211111121212121112121121111211111111211112
11121112111112122211112111121221111112121211211111211112212211211211211111211211121122112221112111121
12122211211121111111111112111111111122111111111212111211111111122222212212211111211112111111211221121
11111121122211111112211212111122211111111211211112111112212111122112111111121112112211122111111111222
22222112111221221111221121121211122111211211111111112111112112211111121122111211111221111211111112111
11112112121111122111111112111111211111122111211112112111112111111112111111212221211112111121112122211
12221112122122212221121111112112221112111121111111122122111121122111221212121112122221211111121221112
11111111212112121111112121111111121112111122121121111121112211111111211112221112112112112111111112111
12211211111122121111211112111111211112112121121121111122112112111111111112111211111222112211112111111
12112121121221121111122211122112211221211111112111122212121211122112121111111121112111121211111221112
21211111121211211211211112212111222111112121111112221112111111121211111211121221211121111121111122111
11111111121112211121112111111111112111111121111111111121212121122221111221221112111212122111211222122
11111111111111122212112121211111112211211122111111211111111122121112112121211111112111111111121111111
11111112112112211111111112111121122111221211211112211111112111211212121112111112121111121111121112211
22111211211111121112211112111111111211112211121121112111211211112121111112111211122111111111112122111
11111121121111212212111111121111211112211222211111112111111122112111221112121221111211112121111111212
12211111211211221122221111111111211211111121211111221211111211121211111112222111122211111112121221111
11111211222211111211112112112111112122112211212111211121222221112121212111111121121121121111111122121
12112222111221112212112121221112121212112211121212111211112111111112212112111112121111112111211121111
12112112111111212111111212111211111111111122111111111211121111121111121112111112111111212211111121212
21112121221211212112111111121211211121122111111111111121111111121111112222122221111221111112211111111
21122212111221112121221111122112112111121122211112211111111212112121111111111111221111121211112111211
21111121121121111211111122111112122112221221222112221112111211112111111111211111121112212111111121211
21121211212111111111122112121121121111212111111111122111111111112112111112211111122211211211112212112
11111211112111211111111111211211111111111122222211111121111111221121221111111111111211111211122121212
12111221212221112212111221111111121211121221111112211111122111121121111111211121221122112121112111221
11121112111221111111111121112222112111111121122111121211121122112221111121112112221222212211222112112
22121221121111211221122111121211221221111122121111211211221121111212111212121111111111211111212212111
11111112211121211111221212121121111121121122212211111112111112122111111121122121121211211112121112111
21112111112111112211111111121112211111221111111121111121211211221211212212111111111112112211121221111
21221221212122111121111121111111121211212112112121112111122122211111111121111111112121211211111112212
12212211211112111221111212111111111111122111211111121111111111221111121111111112221212111111112111212
11211211122211111111211122221111111211111212211122111211111111112112121212211111112121111111112122121
21212112121211111112211111111111112111122211122112121121111212111221112212111212211211111111211111222
11122111122211121112112211112121111111112121121111211111111211112112112211111122111122111211112121111
11111111121221212112122111111211121211111221111221222211222111121221211121111121221112212121111211112
11112111212111221112112112122221221112112111212111212111111221121122211111111111212112111112121112111
12111212111122211111122111111111111211222211111212121111111212212211121121112211112122111212211221111
12121122122221112221111222111221112112111111211111211121211112111221111111211111111111211111212111112
11112211211111121112212221121221111121112111121111111112111111112221121211122122112211122111111212121
11122112211112121222111111211211112121121111121111111112122121211112111211111211221121112111111111222
12211221111121111111111121122111222212111111211121112112111112221121112111111111122111112211111121111
22112121121111212122111211111111121211111112211112212111112121111111112112211211112222111111112211111
11112111111211111211221111122112212111111111122111121111112211221111112121122211111212111221121111211
21112111112111112212112111112122212211222112112211121121212212111111112112111122221211111112111211211
11122121212121211211121112111111121121221112111112122221111211212121212121111111121121121111211111121
21222111121112111221211211211112111112112111212112111111122112121111112111121212221122121111211211212
11111122111211112211221111211221122211111122111121211111112111111111122121211112111211212112121122121
22112111222121122121121122111211111112111121122212111121111111111221212112222112121211122112211121112
11111111111111111112121121111212111111121112111221222211111111121112121111111221121211222111212111111
21221211121112112212211121212211111111122111111211121121111112121112111121211121112111111211111122122
12111111211111112111121211212222121111111121211211212111122121211212211121111112212111211211111111112
11111112112122112111111112111111121122111111112112112112221212111112121121212222222112212111111112221
21212121211111111221112111121212122122122112222122121111111222111111211112111111112212111111111111111
11211112111112211211111112112121111121111211111121211111111112111111122212211111111112122111121111122
11211112111211121122121211111112121112221111111121111111121212212222211211212122111221111211211121121
11211222111121122212111111121121111111111211122121111211212211121212211221211121111111121211211221111
11111111112211111111111122111122111111111112111222211212121221221222222112111122121111122111111111221
12211111112111111211211122211112112211121111112111122111121121112111121211112121221111212211112111112
11121221111112112112111111112111111211221111221211111212211211121111112212111111111212122221111211121
11111121211112112221112212211122111111212111111221211122112111111111112111122221212111211111112112211
21121212111221121111121111212111121212111122111111221211112211112211212111111111121112111112112112121
