11212122211121121112221111212211122212211121111112121111112122121211111112111211111121111211221111121
11111111122112221211111111121121111111111212211111111111111111111111112111111111111111111111121122211
22112111111121112111122112212112111111111122212111122121111112111111121111121211211222111121112121221
11112212111111122121211121122121121122211211111111111111111111211222221112121212211112111212112222122
11211111212121111221121121112211221111122121111112121211112111111111211111111111121111112212121111221
11111112211122122111222121121111221111111122121211112212122221211111122221111212121111121221111111121
11111111111212121111111111211122111211221111121111111221111111121111111212112211211112121112112211111
21121112111211211211111221112122121111121222111111111121112112221111111112111121212221111212111111111
11122211222111221111211111111211111122111211111111221112212212111111112111221111221212111212212212111
22111112122122211211221221111222212221111211122122221222121111122112221111111112111211122112121211112
11111112122111222211121111122211221111111111112112111112112112111121122221211121111111111212222111111
12122112212111121111111111121111111111112121212111111121121121111121121111211221211121111112112111122
11122211121211211111111122112111111211112111111121212111212112112112112111111112111121111212211111211
11111122112112211211121121221111112122111221112111111112111122111111121121111121122121111211111121112
11222111222112111111112111111221221111122222111211121112211112112211211112111211111122112111221111221
11111112111111211211121111221111211111212111111212111111111111111112112211211111111211112112211111111
11121221112111221122221222222112111111211111221112221211111121111112122111121111121111121211121111111
12112122112121112221221111111111121112112121121111211221121112121112112111212111211222221212111221121
21122121112111211211111212111112111121111211111211111121212111121211111211121211122111111221121112111
12212122111112111112212121111122211111112212122211112122212221111221112211112111112111111211122211211
12211111211112212122212211111211211212112222111112111212121112122122121122211222112111122111212121222
21212122111112211111121111121121112112121121111112111211111112211212211112111111211222121211221111211
11211221111111211221111121111121111111222111111111211111111212111122212221221111122111111221121111111
21111111121112211121111111212122112112111211212122111112112111122111211112111212111121111221112211212
11121121111121111111211212111111111121112122211112111111122111112111122121111121221112121222122111121
11121112121112111111121221111221122111112121112121111111121111221111221222211221121111111212221211111
11221121211122121111211111111112112111111111222112211112111112111112112211112111111122112111111112121
11111121212112121111121212121112112212112121112112111111121212111211222111111111111212111211111112122
11111111211112111111121111111211221111212111211112111121212212222112112222211122112111111211112111211
22111211211211211111112121111111111221121111112111111111111111122111111112122111121221211221122111112
11211221112111111112112111211111111112221111211212111212211211122221121221121111111121112112112221121
11221111121121111111111111112111221112112211111111111121221112211111111211121111112111111212121111122
21122112211211211112111121111122112112121221111121121112121211221122111121211111111112112112211111122
12111221222212112211111111212111122212111211111121211221111111211112121111211211211211122112111111211
11112112111121111111111211121111111111112212111111121111121112111121111121112122111121111111212111111
12211111211212211111211121111111212221111111122112211212211111211121111111111212111111111122111121111
12111211121122221221111211111122111111112122111111111111111111122212112121112112121211211111112211122
11212221111111111121111112122212212112211221111221211221222112212121122112111111121111111111121221111
12111121222111111221112111211112112121111111121211121121212121212112121112112111211111121121111112211
11121211212122122112111111112111121121211112121221121121121122122111111111111111212112121112112121111
11211211112111121111212212212111111122111111111122122211212111111112111211121211111211112212211111211
21211211221121112221111121212111211112112211111122111211221111121222221122111122111211211111211121111
22121221211121211122222221112111121112111111112221111122112111211121111122112111122211221211211211112
11211212221221212211111212221112211121111111111111111111111212211121121111112111211211111112121211111
22111111121211121111122211111121111212111211211112122112111121111111211111112122111111111221211111112
12122112121111111111211112211111121112121211222121111112112121122112111111112211112112211111111121222
11112212111112112112111111111212111111122112112111111211111211121121112221122221111222122222122112211
11211121121121211211122212212121211211121212111121111112121111111121111122111111121212221122111121211
22211212211211211111121112121121112221211111121112122111112121111111211212111121111121121211111212112
11112112211121111211121111211222112111112122211211111212111112221121121111111111111221211211111121112
11121111121112121211112222112111221211121121111112211211211111221122111112211111111111111111121112211
11122111221111212122112111112212211111211111221121211222121122111111121111111112112212111211111111211
11111111111211111212211122111112122111111122211111121111112122111122111111121112211111111112111211111
11112121221112212121121112122122111112211111112111121121121112111211211211221121111212121211121212111
11222111222121111122121211121112111221112111112111221121212111211111222121212111222111112111212211121
11211211111112111112121112121121112111221121112212222211121122212111112121111221111222112112112111111
21112111112111111111212211112111112221111111121111111211111111222111111212212111111111111121212111111
12211211112221111111112111111211211111111111111121122111211121221111122122111121111111121111112211112
12111111121122221111212112112211221121111121221111111112211111111222111212121111112111111111221122212
21121122112221222112111111112221211111211112121211121111121111211211221111211112111211111111111211111
21121111112112111122121211212112121221112211211111121211121111122222112112111211111211111111111112121
11112111121111212112112112211111111211112221212222122211111112111111211211122111111211211211111122111
12211211112211211111221122122212111211211111221121212111112121111111111211111112111112112111211112111
12221121122211211121211212112111111221112212211212112211111122122112112121111121221211211222112111111
11112121221121211111111121212112112121211121121111111212211111121111122121112112112121121111112212212
12111111121121111112111122211121121111112221211111111122121111122222121122211111121112121211111111112
12122121121112111111121221212121221111212111121121122221112112121112111111111211121121112111112112111
11221211122111121112211121121211111111211121121111211111221111121221121211111122112211111211121111111
11112211121211111211222112111221121121211111212112111211121121112122211121111112111111212122111122111
11111212121211211221111111111122121121212111111112111112212111111121122211211221111221111212121111122
11111112111211111122112121212211112212111211111212121111112111211212112111221112111112111112211111121
22112121222211211121211211212112121112111122211111111211112121211212121121211111111121121211112211211
11121112111121111111212111111111112112121111212211112111111111111111122121211111211221111211111211112
21111211112111111111112112122212111111122221111111112222121111121121221112211211222211121111111212112
12221112111211111111211111212112111111122211222112121111211111221221111221212222111211221211111111111
21121111222221111222111222121112211221221111111111121211111111111111211111211122111212121111111111111
22211111111111121222211211121221121211211112121111211211111111111112121112211111111222111111112121211
11112121212121111111211212221211112111212212111122222212121211111121121211111121122221121122121112121
11122111212111112112111111121111112212111121122111111211111111111221211211211112111111111122111211112
12221211122112221112211211221111122211121111111111111211112222211111222111121111121212212212111122121
11111111211222111221111112212211211111111211112112122121221211111112121211121112221111111121212212111
11211122211221221122211111111211112112111222211212112111112121112212212111111211111111211211121211111
22112111211212112111111111111111121211111111211111122112121211111211211211121111111112212212112211121
11211122211111112211111121112111111211111111111111112112211212111211211221112111111221111211121111112
21211111111111211221112121111111111211111122111121221111111111111111121111221121111121111111111111121
12122121121112121112211111111111111122212211111121112111221211221111121111122121111111111211221212122
11121121122211111111111111111111111111111111111111111121122111211111112111121112211122221121211222111
11121111121111211211121121111111222222211112112121111121112211211122111111111121112112111112111112111
11111221211111211111112111221211121111211111111112221111112211111221222112211111112112121111111121211
12211121222121211111221112112112212112211111111112112121111121222212111111121111112122112111222111221
21112112111112111221211112121211211111212111212211112122121121222122111212111111111111211111111112111
11121221111112122112122121222111111211121111112211211222212111111221211122112211111212112111122121211
11111111221111112111111121211121112112212112211211111111111121212121212121111122222211111111112111111
11111222122111211111112112121211122111112121111211111111111111111121111222211111121212111111111121111
21222212112121211111111122211111111112211212111112211211111211112111122111121212122112212111221111121
11111111111211112211211111112111121111211212221111112121111111122111111111211112111121111122211111121
21111111112121112212222121122111212112111211121111122112221211211211121211111121111111112111121222121
11121121122111211221111112111112112122111111111111121212121112112111112121111121112221112211111112111
11111121122221111112112111121111111112212112112211112121211111111212121121121121112111111212221111212
11122221111221111111121211112111111121221111112121112111121112211112121122121222111112121121212121212
21211211121211211111111112111122212211111212111212212121111112121211212112112111112111112121121112111
