11221221221111112111111111111111221112211112111222111212212112121211112111111121111121211122112121221
22112111111122112122212122222221211221112111111112111112111112111122111221122121111221112212211211111
11112111212221111121111111112212211112121112211211111112111211112112221111221111111212211121211121211
11211121111212112111111111212111112122111122111111211111111121112111121121111211112111121111122122112
11211112212111212111122111211111121111112222111111122112222211121112121212211211112121221211221121112
21111222111212211111211121111112111212221111112111121211111111211121112112111112121211111121212211212
12221111121111112122121111111211121121111112211222111122221212111111212121211121121211122111211111121
21111111121211212121112121122111111112111111221211122221122212221121212211122221111222112222211111111
12122111121112111111122111111111121112111121211221111211111111122111121121112211111211121111111112112
11111112211112211211122112111121221111211112112111112111222122112111121211111121112111211111111111112
22221121112111111111121112112121121111112111222111112212122112112121111111111121112112211111211121111
12121211111111211121111112111121121111111111111111122111112111112122112212111121221211222211111211121
11212112221122112121111211211121112111121111112111221111112111211112111221111112111121112211111122222
11112111122111111211111111111112122111111212211112112122111111111111121122121111121111111111111211211
11121212111211111211211111111111111112211111111221111121212121112122121221121111211111221212111121121
12112111111112111111111111121221111112121122111211121111111111221211222211121122111111121122212211121
11112112111111112112112112211111121212221211111211112111112121121211112121211211121111111111111111111
11122111111121111112221121111221112122122211111211111111212111111111111211121111111121211111221112121
12112112112122111111111121111221212212111121121111211221111212211112112111121211212221211121111111111
11212211221121211111111211121121111211121112111221111221111111111212121211111211112111112212211211111
11111221111121111121111111112221121111112111111211221211211111112112112122211121121121121111111111221
21111211221221121111121111212112121111111121212221122111121121122111211222222111111221221111112111212
11121211111121121112211112121111121112111211221121121211222121211222221111112121111111121111211221111
12211111122121111211221111221121111111111121112111111111111112212111112121221111211211111111111212211
11111111211111112121111211121211111112211111121121122111111212111121212111111121221111221122211112111
22211111212211112122211111122121211221112112121112112212211121111212122112122211112221221121121211112
22111121111111111122111122111111121111122112222121211121121122112122112111111221122112221111112111121
11212121111111112111212121212112111111112111111111112111112122112121111211112212112122112112111121211
11212222212111211111111211111121112222221221212122211112111111212112212122211122121121122111111121111
11121211111121121111121122111211221211112111121111111111112121111111111121112211111211111111221111111
21111111121112121111111111111111111112111111112112111111111211111211122111121211121211111211211111112
12111211111122111211121112211111221121111111112111121121222111111111111111111122222111112211111221121
11112122111112111121122111212112111111111111121111121112211212111111211221111111212111121221112211122
11222111121211111111111111122111112112211212211121112111111122112211211112111221111112212111112221111
11122111111111122111111111121111122121121211111211111122121211111111112112111111111211111221111121111
11221211111111121111212212112211111111221211112221111211211111122121212212112212211111112111111111121
11212112121111111112212112111121111121121211122111221121211211121221121211111211111111111211111112111
21121221111112121112112111121112111112211122111111121211211112122112111211111111212112212111211111112
11111221211121221111212121111221121211222221111222112211112212111221212221111111211111121111122122222
22111111121111211112111112112111111211111111111112211112111121111221211112211121222111211211111111111
22122111212212111111111111221211222121211212112121112121212111111111122121112211221121221112212212211
12111121221121111111111221121221221111211111221112221112111211121122111221212211111212121221211121211
12112121221111121111111111221111122112112112121212211111211212111112111221211121111211212211211112111
11211122111122221121112111211211111211121111121211111221111211121211112211112111121221112112111211111
11122212111111122111211111111121111111112111212111112111122212211112221211122111112121121222112111111
12111212112211111111211111211111112111112211122221211221111112121211212111121211221111212111112122112
21111221212121211111111212111211111111221211111112121211211122221121221222112222111111121211221122211
11121122221221112222121112111112111121212112121111112111111211111111111211111111222111211122111211112
11221112111112111111212111121211112212112111112112222122111112111222121111111112121112211111111111121
22211111211111221211111221111112211111112111121121111111121121211121111121121121111222121111211111221
12111111111121112112112111121112211121112111112111111111111111211111121211112121121221112211111112111
11212121121111112212211111112111212211112122221112211112111211112211111221111211111221111111112211112
11222211112112111112121221221212211112212121111111111122111111111121111221211212112211111112221121221
12211122111121121111121111221212122221221222112112111121122111211111211122111111211211111111111111111
11111111211111111112111122111211211111112212121111122111111121121111111212211211222111111211221111112
11122221112111111112111111122122212111121211211211112112211111211221222211112111121111112112211121221
11211121111211212121111111211211212111211111111111211111111112111221211111212111111121221211121111111
12112211121212211221222212111211111212111211121211121112112121111111111112112121121221111221121121211
12221211122111211211111111121111211121211111121111121211112111221221112221211111121212111111121122111
11111111211111111121221111111211111112212111111112112111211212121112112121121111111121111122111121212
11112121111122112111221221211111212211121111212211222112111111122211121222111112121211111121212121112
21121221221211211111121121122112112112212211121211211122111112211111112111211122121111211112111121211
21112122211112111122112121111111222121212221112212111111121111122111211111111112111221111111222212111
21121112111111111211111112122122211112111112211121211211121111221121121121211221112111112121221212111
11122211211121121111211211211111111112221111221222121112111112122112121111221111212221122121111111112
21111121121111111211211112111221111212211111112111111222111112111211111111122211111111121211221111111
12111212111111211212221111111111111211221212221112211112221122111111111111211211221111212221112221212
12112122122111121111112112112112121221111111111221111111111111111121121111211122111112111122111121121
12121122112121111112121112111111121112121121112111111112211111222111121112111212111211211121111121111
11122122112211122211111211111211112211111111111112111212121111122211111211111111222111121212221211211
21111112112212111111111112111111121211111111111111112112111112111211111212112111211112122121111121221
12111221111211111111111121111121211212121112212211211121121111112112112221221111111221111121111112221
12122111111211111212122111221111121122111111211222121221221112111111211111211212212111211211122122111
12212112111111111112211112112111111121112111111112111112111111212111111112111111111111111112211211211
12121121111212121122111111211111112111211111122211111221111111112111211112211211121212111112112211122
11111121211111111111211121211121111211212111112211111221112211121121112121111111112221212121112111211
12111112112212211211111112121212121111212212111111212211221111211111122112111111121111111111112111111
12112111211111112221212211121211112111112111221121121121112222111111111221111111112122122111121112112
11121122111121111121122112111111111121111121122112112122121112121111211212121121121111111111111212112
22212222112111211111112211222111121111111111111111112122211212211111111121211212111212111111121111121
12112111111112122121111122221111121111212211111111121221212111111211111111111122111221121111121111121
11211221211111111211111122111212211112212222111112222111121212112121111111112112112112221111211121211
11111112112221112121121121111121121111111121122212111211221111111211212211121121112111112211122211111
21221111111121121112111112121221122221121111112211121122211122111111212211111111121121112111122121211
21222112111111221111111112212211111211111121121111112111112211122211112111211112121121211122122112111
12111111121111212111111211121211112121221121111112111211112122211121111112212111122211112211112111222
21112112112211111111111111112211111121211111112211222112111122211111121211122121121111111112121111111
11111211111112121112112112112111111111111111211121112111211121111111121221112111111122112111122111111
11212122122121112122112121221211111111111111111122221121211112111121111112112111112222122111111111111
22212121111211121111111121111111122121111111111111112211121221211112221222112211111111121111211111221
21111211211111211111111111121112111121111211111121111221211111121111122211112111111121111212211121111
22112112111121122111211111111111211121112111122111111111211111111111111122111111221121111121212111111
11121121111111111112112211121111111111221211221111121111111211121121211111111112121112112221112112212
21111111111122111111111211122211112121111111211212111121211121222111111111111211211121112211122111211
11211112211111122111121111111211111111111111221111111121212111211222111111221211121112212121211122121
12212212211211111122122112211122112112111112111221111222122111111112122212122112121111111111111111211
11112121211111111211112212111211111111221122211112112111112112211111112111111111121112121211211221112
11121122111111111111112111111112211111111111211221211111122212111122212111221111122211221121111221111
11211212112211112121111211111111211111112111111121111211111111211121111112212111112121111122122221121
12211111211112111222211212122211112112121111112111111121112111122111111111111112111221121221122111121
21211212211111111111212111211111111121111211121211112212111111112111111111111121222111111111111111211
