11121121111211122111212111112221121211121221221121121121221111211121112111122221111121122121211111111
11122111122111111111121211111111121111111211121111211111111112111111111221111111211122111111211112211
12211111121222122111122121112121111111212221111111221111111211221121112121111111111121111111121111111
11112111111121121111111112122112111222111111212111221111221212121221112121211111122111212111122211111
21111112122122112111221221121121221111111121112222221211211211221112111112111212211111212211211211121
11112111121111121112222211212211111112211212111121111111212111211112111211122112111121111112221121211
12121222121211111211111112111222112121111121122111112221221112122111111121212112121211111111111211111
21112112121122122121111111211121122111212121221111112122211212121112221112121211111121111121111211212
11111112121221121111111111112111111111221121122122111111111112111112111111121111211111112112211211111
11211211211111112111121212121111211112121212211211111111211121212121112211222211222111111111112111112
11121111211111112111121212111111112111221112121121111221211112111221121111212121112121111121111111112
11121211221222111211111111221111112111211121221111122121121111111111221211212121211211212111111111111
21111211112121122111111121122111211111111121111111111111121211111112112112122211111111211112121112211
11111111112111111211212221211221111122121122121122122111121112121112211111111112122111111111221222111
12112211221111122111111221211221111211111221111211211211121121211111111121112121122221111112121112221
11211212111211111122121211111221221212111122212111211212222211112111121212211221121112111112111212211
21111212111211121121111211111121112112122221121111122111211212111111112112211111122111111111221211111
11112122111121111122111111221122121211211121111112111221111111211112112221121111111212112221221111112
11211212111112112112211112122222221121211111111111112112221111111111122221222212111121122211112211112
11122121111111111221212221211111111112121111111212111111121112212111121111111111112111111122121111111
11121111211111112211122112111121211211112111221112122111121211211111112121222121111211121111111112111
21111111121211111111111111111111111111111211111112111111121222211112112111122211112111111111111111211
11212112122111111111111122122112121112111211211111212111122111211121121121111111111121112111111211212
21122111111221112121211122111111111111222211112111211111111111111111111111111111212211122211121211112
11111111211211221111111111211122211211221122121121121112111111121111111112211121111111111122111122121
11112111211111121121121121212211222121122112222111111121221111211111111122211122211112111111112212111
11112111211112122121112112111111112111111221211111112211111211222121111121112111211121121112111222111
11121211211211122221121112221111221221221121122212111112121111111111212122211211112111112122112121222
11112211111211121111121112211111212211122121211111211111112221212121122112112111221111121221112121111
11112211211111112211121121112211121111111111211122212111111212211112111122211112122111111222122111112
21121211111212111112121221111211112112111111221111111221111121211211211121122111212121111111121111111
21111221112111111121112111211111121121221111111112211212111212121211111122111111121222221121212211111
12212112221111111221122121112212111121121221112111112112111121121121122122211121112111121111211111111
21111111112111121211122221112112112211112121112111211111211111112221111121122121221211121112111211122
12111211111121111121111122121121122112112221211111111121111111121222112121111211221212121221211111112
12111111111211111121111212212111122111111112212111212111112121212111211212112111111211111111121121111
21112121112121121111111211222111111121111211112121121111112111111121112122111211111211111121111122111
11111122112111112111111112111211112211112121221121111112111111111222111111112111122111222111111122111
21111211121211111111111111111111212221111111212211111111111121211112112111111111112211112121111111221
21211211221212111212121121122122111112122112121111211111221121111211112111122121111221112121111121221
11212111112111112111211112211112112212111211121121212122111111121111212112121211111111122111211111112
11112111211111112111111121112211112211122121112211111111111111122121211112211111111121111221211122111
12112111111121111212211112212112111111111111211111211111211212111221111111111211112111222212121121111
11211111111111111211111111112222121211211111111111111111122211111112112111111211121111111122122211111
11112212112222112111112112111111111122212111121212211111212211111111111211111211111121111112111111111
11221111221111112112111111211122211112121211112111111121111112122122222211111221122111122121112112111
11112111211212111121112121111211111212112112122121121112211111211121111222221111111122221111121111112
11112121111211121112211122122112211212111111211111211112111111111121111211211122112112111121122112111
21211111111211111122211211112111112122111121212112111111111111111211212112211111111111121221221211111
12221112112111121111211212211211112112221211112112212121121211121111111211121111111111111221121111112
12112222111111112111221111111111211122121221112121211111211211121211111111212111122211112222121211111
11221211211212112111212112211212111221111111211111112111212122122212111111221221111211211111221112111
22111111211112211111122111111111221112112111112111212221211221212121112211121111111121121111111221122
12121112122121212212121122112122111121222111111111212121211111121212211111112121111112121121112111211
12112212121111111111122112112211222111221121111222111212111211111112121111111122111212211111212111222
12221211112111111211111222212111121111211211212112111121122112211222212111121121111121211121221122111
11112121112111211112121121112121112111112211111221112211112111121111121112112112221111111212211111121
12111122111112212211111121112111112211112121111211121211211111211111121112212121111211112112221111112
12111221211212111112111111111121212111121121111211111122122121111211111222211111112211121111121112111
11211111111221211211111211121212222121111212221211111111122221111111112211121121111211211111121111111
11221112211121211121111211111112112111111221221111211211111122211112211111112122121112211212111111111
21112111211212111112212111111122122211112211111221111122111122122111211122112122121111112121221112212
11111111112112222221112111111111221211111121111111221111121221112111111111111211111221111122121111112
11122211121221112122222122111111112111222111221111122121111121121212211111121111112121212111121112211
11111111221112112111111211122122212221221211111212111121111111212111111111111111221211211111211112122
12111211121122221111121212111111222111111111122111111111122111122211111121112211211211122111211111112
22121112212211211121111111111112111111112221111211122111121211211221111212111111121111111212121112111
21121211111111112211222111211112111121121211121121111212112121211111111111211121211122111112121212211
12121111121211111112122111212111112111211111111111221121112211111122212221211211111121211111111111112
12121211212121221121121111121212222112221221112111111121221121212112111111222222221111211121122112112
21111221111121111211112112121111211121111111111111211111122121211111221111212121111111211212111122122
12111111221111212112112212111121111211111111121111112112212112112111112111122121111211121121121111111
11222121112212121112111212121122111111121112111111211112111211222122211111221121111112111111111111221
11111211211211211121111112122112211111111212121111111111111121112112112112212112122211122222111111111
11111121112111111121221211211212111112111111111121212122211112121121111211212111211111111121221211122
21111111111112122111112111222212111212212112111112212121121112211112111211211211121111211111122112112
11111211121221211122122211111221212211211112111121111112111121111212112211122111112112121111111222111
21212122111212121111111122122111212112121211122211121121212111111111121111221121112111111111111112112
11211121111111212211111121221122211221211111111112112111121111222122211111111112111211112121112111112
11112212112111111211221212121122112121121111211111221121211212121122111121111121122111111121111121112
21211211112221111221112111111111112211111111222221111212112111111112211211111211211211111111221221121
12122111112112121111111211221212111111121122111112111111112121112221111111121111122211212211121211211
11121121211211211111211121211212211121111211221112121111111221221111111121211221121111221211111111111
12121112112111211211122111111212122122221112121212211221111211122111111221111111121121211112222211111
12111211211212212111111121211212212211122121211211211211122111111111211111211121111112111121211112112
11111111211121211211212111111111111112121212111111222221111211112111122211121121121122111111112222111
12211111111112111111111121221112221121222111111111111111122112111111211121111211121211121122112111111
12121111211111111221221211112212112112111111112111112211212121111211122222121111121211111211212112121
21112121111212211122121111212212122111212111122121111221111112121222211111112211111121211111211121111
12111111112211111112221211212111111211122121211111121111211111211111111111111111212112221111111121212
21111111111111221111111112111111121111121121211211221122212111111121112112111121111211111221211121211
11121211112111121212212111212211121112111121111111111111121111111121122112122111221122212111111111111
11122112121111212111222112121221111112221212111111112212112211211111122111111112212211221111121212112
11111111221122221221111212111221111122112212111112121112111111111112222221211122121221112111111211212
11121111122211111111121112111121111221211221112111111211111121211111211111211111111212111122122211121
22112111111111212212221111122112211211121221111121111112222211122122211111121111211211111211121111121
11121111111222221211112111111111212122112112112111211121122111121111211111121212112122111212112112111
21111221211121121212111111121111111111121221111121121211211211211221122111112211212121211121111211121
11112111111121121211111111211121111211121112121112121121122111112111111211111211122121111111121121121
11111112122111211122111112211212222122221211112111111211211112111122111121111111112121111212112111111
21112111111122121211111121111112121111111122121121221111121121112111112111111112211111112212111212112
