11111222112121211121212122111111121121112121121211211112121211221111111121211111211111212211111111211
21112211122112212112111111111111112111211212112112111112212112112122112211111112111211121221211112121
11111212111221121112111111111111211112112211212222121111121111112111111111112121211212111211211111111
22111111112111111111121111221111122111111112211221212112112111212112221211112111221222111111112111122
11112211112122211221211211111111121111112212111111121221221212121112212211112112111111111121111111212
12111211112111121111112221121121212111111112111112121211212112212111122111222111111111111111112211112
11121121211211121211212111122111211211111111122111211221121111222111121211111112212111112111112111111
11111112111121111112121121221112222112111112111211111211111211221111111111112112112111211121112221112
12221111111211111121111121121112112111121122112122121122211121111122111111212221221111112211211111111
21111122221122211111211122111111212122221122111112111111112121111221111111111112211112111211111122111
11111112111111111111112112112121112111111112111211111221112111211111111211111111222111111222111111222
11222211111111221112112211112221211112111121212121122121121121121112111112211111112112211111212211211
11111121112212111121112112111221111111111211112121122221112221111111121111121212112111121212121121122
11121212112111121111111122121212111212111221111211121111212121112111121112121111111212221211111112211
11221221112112112122112111111211211221111111111121212112211221112121212221121212121112121211121112122
11212111211111122111111121121122122211121121221111211121111121211221212121111112112112111112112111221
21211111212111111121111211212111111211111122121112212121211121112111111122111111111221221211111112112
12111121211121211111121121121211111212211121121221111122112211121111122112122111211111121121211111221
21112111111122111121111112111111112111111111121112121111211211112112111221112112211112111111111111212
12111111111211111211112111211111111121121111121122121112112121121121222211211211211112121111111121111
22112212111211111221211111111112121111111222121111212121221211121111121212111121212211221112211221112
12121211221111121121111111122121212221211121111111111111111112212211211122112121121122111211121111121
11112112121221111122111222211211112111121122111112111112222211121121111111211212211111212122122112211
22111221111122111211111111111122221112121112112111111112111111211111111111111212111211112121211111121
22112121111112111112111111121111121111111121111111111112221112111111112221221111212221121211212122121
11212211121212111211111111111111112111211211111111111211112221211121111211111111121121122111212112111
11221121111111122121121112111121111112121121112111211111111111121111111211111111112121121221122121121
12212211111211211111122121112112111122211111112121111122121211112121221221211112121111111111112121212
11111211112121111121212121211111221111122222211111111121121221122112212111111122111111112121111112122
21111111212112111112112111111222111111112111111111111221111212111111111212212111111112211211111121111
12221121111111111211111112111122211211111211112221112121121122221211221122111111111111212112111112112
21221222111211112111122112122111111111111111212121111122111111121111122121111121111212111121212122121
11112211221111111111211112111112112111221121111212112111111111111121121111212221112121112111121111112
21121211112211111121211121212111121222121122122212111211121121211222121211111121221211111111212111121
11211111222211111111121211211112111111121111112121111111111211111111212111111221121211112111111211112
11112111211211111211111221112111221111112112111211121112211211211211121211222212121111111112111221221
22112111112112211111211221121121121111211112111111211111112111111211122122111111112212221121121221112
11221211111221112112111211112211112112112122121221122111111121211112112111111121111112111221121111111
21222211211122111121211212111111211111112112111111212112111112122122221212111212221111211112211112221
21212111111112211121111111211111112212112211122111111122121111212121111121112111211211111211121112111
12111111212222111112211121212111211122111111111111112121121121121111112111121112212121122212111121211
11111121111211111122112111111111221212111121121111112111111121111122122112121122111112111211121212212
21121111121221112112111111211121112221212112121111111112112112121111111121211212221211211121111111111
12111111121111222112112111111112121122221211212111211111212111111212211121211112111112121111211121221
11112112211121111111212112121111121211111221121121112111212111212212211221111211112111222111111221111
11111111121111211121111212111111112211112211111111121122111111111111111111121121212121111112221121111
21211111121221211111212111211112112111112111122211122111222111121211221121111112112112211211211111211
22212111112112121112112112122111111211121212211112211112122111111121111111212121111121112112221111111
11111111221211222122121112211221211112211121111121111121212212211221211221111212221221121112112211122
21112211112111112111111111112212111111121111112111111121122112111111212211111211111111212112112111112
12111211111111121211212111111221121111111212111121212121211211222112121111111212121112122121122112111
11111112222211111121211112111121211111211122122111212111212111111212111121212111111211111112121111112
12221111112211112112111111211211112212211211211111121211111211211111212111112111211112212112112221211
22121112211121111121112111111221121112121111112111111112211122112212112112111112111222111112121222121
11122111211111121112221121111121111121211111111211111111211111111111112111111121212112111221222111122
11212221111211211111111111111121211111211121112121211121111211221211111111112122121111121111111121111
21111111211111122211111112111112112212211221221112211211111111122111111111111111221211111111211112112
11111211111111212211112221222211112121111112212122111122212112111112221111111111211121121221112211121
12112111222211121122121221112111111122111111111112111121212111111112111111121112121111111111221121111
11121212211111111212111121111121111112211221111112111122111122111112121111122111111212111111211111111
21212211212112111211221112111121112211112122111221222111111121111121211111121111111212112111211111211
21112221112111111111112212211111211121112121211121221211111112211112111211222211121221211121221112111
11111111121211111111111211121111111111121112222112111122111112111111112112212111212121112111111121122
11111111112111122211111222122211111212111112111222111111111111211111111112212111112111112222211111121
12111121211112111211212112121211112111111211121121112112211211221112112221221111112121111111121112111
21111111111112121221122121121121121122212111211211111121111112112112121122212121211111111112111111111
11211111221121111211112111121221111112121111111111212112112111121211112212221211111111211111111112211
11212111211212111111222122122111111112112212211221211112121111212112221111111121221111121121112121122
21122112121221111211121111211112221111222211211121121111111211112111112112121111111121111111221211121
12111112211121212112111211121121212112111112121211111121111211121112112112111121112122121211211122211
12111112211112111111211121222111211112121111212112112212111221111111221211212111121112222112111212111
11221212112112221211111222111222111121111111111112112121221212211121212111211111212111211211221211121
12212111211121122211112111111111111121121111222121211121122111112121211112121111211112112211212121221
21112121112211221211111111121221112111212221122111111122111211212211112121112121121121111112212221221
21111212111111112111211211221121212112111122121211211112121111111121212211111112221111111211111111111
11111112211211211112211111121211221111111121221111112111211221121112112212121111111111221112221112211
12111211111211121221122112121211211222111112112121221211211112211111111121111111111111221111112112112
11121121211112211121121211111221211112112111111221111211121111112112211212211222111111111221211211111
12112122212111212111211111112111121111111221111211112121211111111211111211212212111111221111211121112
11111112111121112221112221122112121211111221211221222121121111111211211221112121211211121111121111211
12111121111112111111221211212121112121211111112212121112111121211112111111211122222211111111222121111
11111221111212212122121112121121121111221111111221121111211211111111111111121211112111122122211111221
21121211211221222121212122211111112112122112121122122222111121121111121111111111111112112121211211111
11211121121111121121122211111111211111111211112112211112121111111212112111111111121211211111211111111
11111111111121111112211111221111211111211121111122121111122111221112111111121121112111112121111112211
11121111121221111112121212121121121111122212111111112211221211111122112111111111121211111111111111112
11121212112112211211121121221111211111111111112111212122112221111211111111111111121121122111111112112
11111211121111212212121111112212211111121211111212211111111111122122112112211111111111121111211211221
22122111112212111122111211112222111212111111212111111211111112121121212112112122121121111111221111121
11211111221121112111212111111111112111222111111121112111111121211122211221111111121121211112112111111
12211121211221121211111111121111112111122111111111111111112111112111111211111121221212112211112111111
11212122111211221121111111112121112111211112112111122211121221122112111121111121122112211221111211111
11112111111111112111111112111111111111111121211211112211111211112211111221112112112221121211221221112
11121111111112111111211111111111221212111111112121211112111211221211121112211111112122211212111121211
12121111111111111122121111212121111211121121111111122211122212111111211121111111211112111121121121111
22121112111212221111121122121121111112121111111211212121212121211111122212112111211111111122111211112
12211211121122112221211212122211221111122121121122111221112221212121111211111111121121111112112111111
21111111112121221111221111121221211212111121212112111111112111112111211211122111111112112212112121111
21111122212211211121121112111111221211111211121211211121111112211121221121122121111111121112122122111
12111211121111212112121111221111111112111211122111121121111121212211112121111111112211112111112121122
11221111211211112121121212111211121221222111111111121111212111111111212111221211111121121211111112112
