11111122122121211121111211111111111112212211111222211211111112221111121211112121121111121112111211111
11111122112211122111112111211111111111121221111111111111111212111111212121111221111121111111121111122
11211112111121212211211221111211111211112112111121121111111121121112121211222121121112122212111211221
21111111112221121112211111221121111111111121121211211121121211211121111111111211111211111211111121121
12122111112111211111121111111121112112111221211121112111221221111222121221111111111222211121122112111
11211221112111121111112121112122121121212211221112112121111111211111121121111211211221121111111121211
21211112111211112111111121112111221111111211121112122211111112221112221111112112121221121111112212112
11121211212111222111111121111111211122111211212211121111221111111212121122112211112221111111122112221
11111121221221121111111222111121211121211111121111121221211111121211222122111121122122111211112112212
12212111121112111221211111212121111122111111212111111121111211112211111212122111112112112111222112121
11121111221111211111211221111111111111121111112111221111111121212111111122212111211211111111111211111
12121111212121112211111111212111112111112112112111111112111222112111111111121221222222211112122111111
11121111122112111212211111211211221212111122111111212121112111111211121212211121111111222111211111211
11121211121222111121212121121122112111211112111212122111121222111112111211211112112121121111121111111
12121111212121112211111121111211121121211121111111222111212212111211122111111112121121112112111211111
21211111212211111121211212212121122211111212221111111111111121112121122111111121211111112211222111211
11111111112111112112211211121111211111211111111121211211112111211111212211121111111211221221211212122
11112211211211221111111121111121112111122111111121121111121111122111211211111111211121211211121221111
12212111111111111121121122111121112121121111111112111121112122121111111212121121112212111111211111111
11111111121112121211112221112122111121111221111112212221121111111111211211111211211111211112111121111
11112211111112121121111111122211221121112111122211111111111212212122121111121211121112211121111112111
12112211122111111112211112111111111112122112212111221111211212221111111112112112111221121211222221112
11221121211121111111111211111111211221112112211111111111111121121122221111111111211111222111211122112
21111121111112121111211121111211112112112211111111121121112211212122111211112212121212111212121111111
11212121221122111111111111112111111121211112121112111211112111222121112121211121121112211111112211211
12112221121111111121121211111111111222111121121211121111112121111111221111111111222122111211111121112
11122111121111112122111211211111211112212112212112212121111122211211111111221111111122112111221111122
21121121211211112211111121111111121111111211121222221111112111111112211221121211111111111111121211121
11221222121111211222211221111111112111111121111111122112211112111121112211112111112112211111111111111
11122112111212111121211211111111212122212212121211121121222212211112221112111111112111111212212111111
22112211111111112122221112222111111211211111121111212211111121112111212211112121211121111212211111212
11111211111111211211111211111211222111212122212111121212112112111212121112111111111112212111112121111
22111211121111112221212112211111122111121212111112112111221111222111221121112212211121221111111111221
11211221211111122111121211111112111122112111211111111111212221221221221121121111111211211112211111112
11212212111211121111112212221111121111111122121121212121111111221211122221112222121211111121111112112
22121112111111222122112111111122112111111111121111111211121111121112211122112121211212121221122221112
21111121111222111111211211221112122121111111111121111211111222221111112121211112112221221112222212121
11111111111111111211111122111111112121221122111111211111211121111112121112111221111121111111111111112
12122222211122111111121112112111112111212111212222111111111121111121112122112111111111212111121112211
11111211111212111121111111121212212121211211211111112111111111111211121122111111211112122112121221222
21121121111212122121111221121211221121111221111121111211211111221212111112211211121111111211212122111
11212112121211121111211111212121111111111122111112111111112121122212222111111211122212212211211111112
11121211222211212112112122121111112211112112111121121121111212111121212122112112111121221112211211111
11212211112211111111111111111122112111211122121111122211111122111111111122121222211211121112122122111
11112111111122121211111211121122112111221111112121112122112121111121111121112211111212112121221121122
12112111112121111112211212111221211222211112111211112112112222212222211112111121111112221111221112111
11111112121112112121221111221121111111221111111111221121111111211111211122112112112221111221212111112
21212111111121211111121111212112112211112211121211112212121112121112122111111111111112112212111211111
11121111211121122111111221212111121121211111121111121111111112211111212221112111111221211111112121211
12122112122211121111121212111121212111111111111211221211211122112221121121112211212212121111222111121
11122111111112112111212112211112111121111111112121112211121112111111121121211212111212212111211212112
21211111121111121212221221111111111211112111111211111111222212121211112122122112122121112211112111111
12222212121121111122122111121122121211112212121211211121211122112222212112221112211211221121111222122
12121111122111212211222112121211121111221111212212111112111111122121211121111121211112211121112111211
12212111211211122111111111222112122122222211212111221122112111112122112121111111111112122121112111111
12121112112111111212212111111211122221111122121111211221111211212111211122111111111121121211211212111
21112221111121111111112111112211121121211111111222111211221211111121111112111111112121121222122111111
12212111111121111111111122112121221221121211111211111111111211112111211221122111212121111211111111112
11222222122221112111112121121121121111121211221111111111212111111221112211221112111111121212112111111
12111112111111212211211111121112221111121121211111212121122111111121211221211211111121211112121221112
21112212111221221112112122212212111211121112211121211211212111211121211111211121111121222111122111111
21111211211211121111222111221121121121111212211111212111221111112111111111111211111111121121111121111
12112111111111121212111121211111211111112211112222211212112212211222111111111112221121211111121112122
21122211111111111112121211121111111111212111111121122121111212211111111121121121111221111221121112122
21121111111121111122112212111212222121111211222112211212211121212111111121211121222112111212122111121
11111222111211212211121221111111112111112121221221112211122111121112211122212111111212111111121122111
12212211111111121111122111111111121121111221211221121221112121212111211211211112211121112112112111112
21211221111112211112222121122212221111112121211121111121221111111211111122122111121111212121211112111
11112211111212111111211111222111111111111111111112121111111211111111111221211121211111111111122121212
11121221111121122211112221111111111121122111121121121121111121111111112121111121112112212111122222121
11111212122122112111111111212121211112211112112112111112112111111121212111121211121111111121211112212
22111121121111111112211111211221221212122111111211221212111212221221112112112112212111112211111122111
21112111212112112221211221221212121222211121111211111221211121112111122221221111211112121211111121212
11122112112112112212111111121122111221122111111121112111111112212211221212111121111221212111121112111
11112211121211212111121212111211211111211121121112111212211111112212112121211111112111211121111112221
11211111112112111221121121111111111121111221211111111212121212211221111112112112111111111221222111111
11112212112112122122221121222112111211212111122121121112121112111121111111112111112121111112122121111
22211121112221211111112222111111111111111221121221121111112111211221112221212111111112121112121111111
12111121112111111211211211221111112111211111211122111111221111112121121121111111112111111121111212221
11112111121112221111111121211111111112112121111121211121211112212111111221212111111111111211111222211
11111221122111112211221112221112121211112122111221222111111122111121211121111212211111211121211111211
21121221111121121111111112112121111121222211111121111222111121212111121111111111211211211221111112211
11211121112111112121211212222221111111111111111221111122211111121121112211121112211221211111211112122
21112122112111122121121111111112211221111111111112211111211121111111111121112111212111111211111212112
11221212111111111111111221111221112111112211111211212211212122221211211111221121211211211211221211111
11111111122211111121212112111121111111111112121111111111111111121112111111221221111211121111112211111
11121121111211121121121111221211211211111211221111111111222111111121111111212111211121111111211111211
11121111211111212111111111121211122111122212112111221111112112112111111121111112111211222222111121211
22212221111122111121111211211111112112121121111211121121211211121221111111211111212111121221111111221
12112121111121111111211221222111221122121111211221111111111221211122111121112121111121211112111111111
21111211212111121111211221121111211122212212121112221121112212212212122111111122221121111112112221211
11111121112111121211112122211121211111212211212211121121121121111111111112211211111111111112111111111
11111121121111112211111111211111211121211112111121121211111112111121111221111111121211111111221121112
11112211121211111111122212111122111211112112112111111111122111112112111111211121121221111122112111112
21121212212121111111212211211111111121111212111111221111111221111121211111121121121111121221221212212
11112121112211111112121112111211211221121121121121111211111111111212212122111121111121122111111111221
11111221112211111122111221121111212112121211122211122121111221112111111211212212121122121112112211111
12211222111111221112111111111122122111112111212211112111111112221211211111111212112122211121112122111
11121112111122111121121112111212112211111112111111111112122122212212111111112211121111112111221212111
12111112111112112111211122112111111121111112111212111112111121121111111111211111112111112112122121211
12122121211221211111121221211111211111111111221211111211111121211222111212111112121211121211211212121
