22211111111111111211111211111212111221111111221111111112112211112122111211111111211221111112111112121
11111221211121211111111111112121221111112211212211221221111121111121111211111111121211221121111121212
21111121212211121112111111111222121122211111222121212222211111212112221111211111212111211211111111121
11111111111112112121212121212112122122211211111122111111111111112211221111121111122121111211111211212
21221111121121211211121112122211121211111111121121121111111211211121122212111121111111111111122111111
11111221211212121112121212211121121111212112212111112112221211121111111221111221111221211212111112211
22112212121111221111121111211121111122112111211111111111111112221112222112111112111112122211111221221
21122111211121211121121111111211211111122121111211111211211112112121212121211111121212222211221221112
11221111111111122111212121221111122122111212111111111121111121222112111111121111122111111211111111111
12112211211112212111121111112111211211112121122112221111211212111121121212121121211111112122221212111
21222111111122121211111122111121221222111111111221111122111121111111111111122211211112111121122211212
11111212212111221111221111121111111112111211111121111121221122111211122121111111111111112211111121221
12121212111111212112211121112111122121111112122121111111211111121121212121211111121111221111112211112
11211112211212211121111111111212212212111111211211112212111122121112121122111121111111111121111121122
12111112111111111212212111111111111111111111122111112121221221121111111112121111111221121211112221111
11111122222121111111121112121111111111112121111222212111121221111112222212111211221211111221212211121
11111111111211211122111111111111111121121112212111111111112211111211111121112111111122121121112111121
11111121221112111122121222111121221112111111121121212211111212112211112111222111211112212112211211111
21111212111111111111211121111111221222221111111211111222211111111111111111111121212111112111211211111
11212121111211222111121212221222111211211111121121111121211212112212211211211211211122222111111111121
21112212111211121111111111221111221122221111111221111111222111122111211221111121111112111211211211111
12111112111121111121111221111111111111121121111111121111121121112121112212112221212112121121111211111
12121112211111111121111121121111121111112111121112111111111111121211121212211111112212211112111112111
21122221112212111121111112211211211221121112111112111121121111111212112212111212121111112221211112212
11112111121111112211221212111211221122221111111221111112211111121111212121121221111221111111111111112
21111122221111112212111111121211121111222222121111111112121122111112122221111111111121111121222111121
21111112111212111111211222111211111211111221111111121111211111111111221121221211111112211122121212121
11211112121112221111111221111111111212212121111111122111111221111111111111221111111121112111121121111
11212111212221112111121121111112112111121221211121121112111111121111112112122111111121212121211212212
11121121111212211111211212211111111121111211211222121211111111121111111212121212112121112122111121112
21121221212121111112112111212121111111221111111112112121111111121211111111122122212112112111111112112
11111111121212111111111221111111121111211211111211111111112221112112112111211221211221121222111111111
11111111112111111121112121112121112112112112222211111211212112112111122221111111121212111211111211111
22121211111111112212111111111212211111211111211221111111211221221211211121111111112112211221111111111
12221112111221121121211111121211211111112211111111121121121111212111121211121212212111112212112112121
11112111122111112212211121111122211111222111221112111111111111112111111211111111121112111112121222111
12121111111111111121211111222111211222121211111121112112111112111212211212111112122122111112121112121
21111111211111121111121211111212111211111121222121211212211112122121111121221111111111221111121111211
12111122112121111111111111112112221111211212112112112212112211211111211121112112111122112111121112111
11121112111211221222111111221121111221111122112211221111111111111112211111111121111112211211112121211
21121112112111212111121111111211221122111111111111111112111211222211222111112111122111111111212221112
21121111211211111222111121111111112112112112121221112211122211112121111112211121111111121111121122111
12111112111121111111221111211211121112121221212112111112211211122111111212212121211112111111111121112
12111221211111211211122221111111111111211211221121211111211211221211212112111121121111121111111112222
21212212111211222111211211211111111121111111122122122121111111211212121111121111121211111111221121111
11211121211211121121111112111112211121211112112221221111111111211211211121112222212212211211211111111
12211111212112112111121212121122121122221222211211111122121121111112211211221111111211111212211111211
21211112111121111111221121221222112211121211111111121211211121221211221221111111122221211111122211222
12211111111111211222111122121112111121221111121212211111111111221211111111121212111111212112211211121
21211211212211121212121111121111111111221112121211212121111111112111212111122221222122221111111222212
11122111221211112111111112211111121111111111211222212121221121121111121112111111121111111111112112111
21111121222212111111112212111111111111121211111111211121111121222222112111112111111122212121112111122
11111111211211212121111111212111112212111111112111111221212111112122111111212212121111211111111112211
11111121121211111211112112112111211121112111122121121111112122121112111111212111111211111111111111112
11111211111222111111111222221111121221211121112121122221211111211212111212222111111222111112111121111
11111122211112211111111121111211111212211111212121221222121111211121211122112121111111212222112112111
12111111211111122111111111111121111211211112111122122112221122121211111121121112111111112211121212111
11111211211211121121122111112111121211111212122111111221121211112111211211121212112111111211111111111
21121111211221211111121111221121211111121111121211112111211111111111121111111212221211111121111111112
21111112111222122111111111121211111112121211121211111112111211111111221211121122122212211121211112221
11211111121111111111111122221122112111111221111211122112211211211211111211121111121122211112112111111
21122212112112111212121111122221111221122221121111212121112112112111112112111122111211221111111121111
21111111211211112211121112111111211111111112211111211212111221211111111211121122111112121111121111211
11121111111121212111111112212211221111212111111121121121212121112212122111122212122211211112221112221
21111212111112111111112111111112111212112222121121121121111112211112212112212111211121211221112121112
22111121211112122212111112111211121212111111111222211112111111211111111221111121112111111111111211121
11111211111222121122111111212122211121222111122111121221121221212212111111121121112111221222121111211
12121112211111111212122111211111122212222111112222111211121112212111111111211111112111211212211111111
12121111121121211211121121111121111112111221212112221211111111112212212211111111221111111111111112221
11111112211111112111121212212111212221112121112111211212111221111121212111111122221111122112111111111
12211121121111121211221212121211211111112121111121122122121111211121112112121211122212121112211211111
11111212111111112122111211211112111212112211211122111122121121111111111221111212112111122121211212111
21121111121211111112212111211121221221122111221111111122211112111111122111212221111111111111111111212
21111222221111211221112111211122112121121112111111112121211111221122222111221112121111111111112111211
12222122111121112111111121212211212212112111121111211122112111212211111212111111122111112211211112121
11111211122211121211221111212212212111211112111222211112121212111111212211121211211221211111211122122
11211121212111111112111211112111121111121111222111112111121112112112221111211121122212112212112111212
11211121112121111111211121111111111122111111112111222221122121111111112121221211111111112112222121221
12212211112212122212122121111111111212211212111111111111121121212211112111211111121211121121111111111
11211122211211222111211212222212211111222212211111221112112121111111211222221121221111112211212112121
12111111212212112111221211112121111121111221111211121221112112112211121221121111112111121111111211121
11112111122121111122122221121212112111121111112221111111222211111211111122111112111112121222211112112
21112212112111111111211111122211212212121111111112111211111111211212112211122222121112122211211111221
21212221212111121212112111111121121112221121111121121222121211112211121111212111211121111121111121221
21211111111111111121111111212212121121221111111111221122112121111121122111221121111122122121122111222
11111211121121211111211122112211221211111121111121111112111211112211211121111111111111121211221121111
21111121221111111112111111111112121222111112221111111112111222211111111111112111111112111111112122122
11111111221111212121111112112211112211112111111111111121122121112121111112211112111121211111111122111
12211112122112111221111211111121112212122111212111111112121212111122222111121111212212112211212112211
11221222211112111212111111112112121111211112221111111111121211111112111212111122121122121111122111111
11211111111221111121211111211112112222111211111121111111112121122111112112212121111122211112221211111
12111112111122122121111111122221112111111111111212111112111221111212121121121221121121121111111121111
22211111212112121221122221121111121211111111112211111121211111112111221211211111211112211211212111211
11121111211221112112211112111222221112221112111121222121111211111121112121111111212111111112221112121
22122112111112111111111111111111212211121122111111111111111112121111111121111112121111111111111211111
11122112112112221211211111212111121212112211122211211121111212211211121112211111211121121121111212122
22221111121211111111122121212211112111121211111112111111122122111211112121211111111122112121211112121
21112122121221111112111211112211111211122121111111121121111111111112111121211221111111212111111121221
21111121111111111121212221111121111111121111211111211211211211211111221211111211122122112111221111111
21221111111211112112121112122221211112111111121112122112111221111211111121111112221111212121221121112
21111111111211111221121212121111111112112121111212111211112112222111111122121111111111111111111111111
