21112111111112111121111212111211211211112122211112121211112121121121112211111211111111121111212111111
12122112111211111111212121111111111222212111121112122121122111111121112212111111212111112211121211111
22211111221121121111221111121111221111111211122111111221222111121121121121112211112222111111111111111
11112121122111111122121211112111222112111111122111122211111221111112111122122111111212111212221121111
11111222111121111121112211112121112211111211211112112111221111121111211121122111212221211111112111122
12111111121111111222111111212111111111111112111212211111111111212211211122122212121111211211221112211
12112211212122121111111111111111111211112111111211121221111111211111121112121111211111122122121122111
11121222122121111212121221111211122111111111211111122111111211112211121111211121111212121111221221111
12122112112211111121111121211111111111111211111221111111211211121112221121111111211111111112121211221
11111211121112112211111221111111211211121112222111111112121211111211221111111122111121111211212122121
11111111111121211111211211112122121211111111111122121112211221211111122112122121111211111212121211111
12111111222111121121111112121121111221211111211121211111221112121111112111111111112211111211211211111
21111111111211211211111111111221221212211111211112112121111122122221111112111211112111221111111112211
12121121211111121121122112111111111111112211121111211222111111111212111211121211122221122112112112211
21121112111221111211111111222211121112121121111212212111111111111111112111211121221122112111211121111
12111112121211221111111112111212111112212111112211122111211111111111111221121112211111112111112211211
11111212221121212112111112121111111212211111111111121112111111112111122111121112112111212122221211212
21111211122111211221121212111111111211112211122112221112121112111112121211111111121121122112112122121
11111111112112111122212121212211211121122111111212112111111222112111121111111111112111112121122112112
11122211211212212121111211221111122212211111121212122121111121121112111212111121111122122121121211121
11111111222121112122111121111111112112211121112112111211222221111112222111112111111111112111112212211
12111211222211111122122121211122222211111122121111112112111112111112112112212111211111121111111122111
11112111111111112212111212111211221211111121111111121211112112111222212121212212111211221112212121211
21121111222211121121111121111121121121111211212211121111221112111111111112111122221221111112111221122
11111121211121121211221221111122222211112111211221111121222111121122112111111111111211222221211212111
11111111112112112111112221111112111111211212111211112112112111221112211212222112111121211111112112112
11111211111112111121111111222121112111111111111111111111221111121111122121211222122211111121111222111
11111111211111212211111111112211211111111212111221121111112121121121122111211111111112111111212122112
11121121121112112111121111111112121111112121211111111111121111122111112221122212211111211112212112111
12121111112221212121112121212211221111112112111112211122212111221111111211112221211221112221121211212
21122121112121112121112111121121111111221222122111211111211221111212111122122121112121111111112121122
11111111121121111111121211111112111211121111211112212111121111111111112111111211112111121111121212121
11221111122211111111111211121111122111111122111111111211211111222222221211211112211211111121111112211
21111211121121211112211112212112112111122121112112112211212112121222111111122212212122221112111221112
11211111121122111221221221211121121121111212111111122112111112211111111111112112121111111112211221111
11111211111212111111121222111111122121112121221111111211111211111211122121121122111121112112211221211
21212111121112221111211112112121211211221111111211221121121212112211121121111212121112122112112122111
12121121111212121112111111211221112221111111112221221111111211211111111211111111211211121112111111112
11211211111212211111211111211112221111112111111111112211211111111212211211111121111221111112111112122
12121111121111221212122211121111212111112111211211221111211111111212211121112112111111212112111111111
22211122121111211211211112111111112112111112111211212111122121112112111111122111111111211112121211111
11211111111111121122212221221112211112112211111211111111221112112112122111111112211111111111112111211
11111211112112211121111112111111122111111122211122121211121211111111112211111211211121112111111121111
21111121111211112211111111121221122111121111112112221211112111121211121211211211122111222112111111111
11221221111111121111212211112211111111212111122121211111112111211111222211112212122112211111111221112
11211122122111121222211111121111121111111111122111112111111112112112211111111121111121211211111111121
11212111212112221212211211111121112122111112111111111211211121112121211111111112212122111211121121121
21211221111221112122211112122211111211111111211112111221121121221211111111112111221211212121111111122
21111122111111111111111211121121111121121221112121221211111121112112112111111111211212212221211112112
21222211111211211211111211111111212111211111111122211211111211211111111212111121212111111111111111121
21121111111111112121111122111111111211121112111221211111121111111111111111121111112211112121121111212
11121111112222221121111112211111211111221111111112111221112221111221111112121212211111211212111111112
21111222111111111111211111112112111121221112211112211121212221211211111121211121222221222111211111121
11111111211112111111112221122211111111111112111221111211112111211112111112211211121212211111121111112
11111211222211111212221211121111112121211111112121111111212111111221211121111122221211111112111121111
11212111212121122112121112211112111111221111222221121121111111111111212222121111111111211212111111112
11111212121212212111121121111111112221221111111211111111221111112112211111112111211211211211111112111
21211111112211212122112111112111112212211222211122112122112111111221211112112111111111111122111111112
11221111211122121111111112121111111221112112111112211211211212112221111222121121122122122112221212111
12111122121122112121111112121221221121111112121112121121221211122112212111112212111112211122112111112
11111111221111111121112111122221111112211112121111111121111111211112211112111111121122111122112111222
11111111211112212111112111211111111111212221221122121221112212122111211111212112122121111112122112121
21111111222112211112112111112212221111111121121111111212112121122111111111112112112111111211221211112
12111112111121111111111221111112111121112112111221212121111112121111221121121112111222211211211111111
21211211112211111222211111112111111111121111121111211111111112112221121111111212121111122112221121112
11111111111222121212121112211121121212111111121111221211121111111221121112111122112111111222111111111
11211111111211111111111212121121112221221112111211111211112121122111122111111211121111121211112111212
11111112211112111111211121122112111112121111211111112121211111221112221112221111221211112112212112121
12112111222211211222111111112112211212211121212222111211111211221121112112211112121221111121111222221
21112111121221111211111212111111221121211222122111111111111122121211112121111112111112111111111111211
11121221112112221211111111111121212111211111111111121111121112122121112211111221111111211111121111221
21111121111121211111112211112121211111121111111121112122122111122221111111122121121212112111111112121
11111112112111111112122111121112121121221121111112111111111211211121121221112211221211121111111111121
11221111222111111211211122112221112111121111112112111111212111111111111211112112111111212112211112112
12211211121111121111211121112112111111112121211111111111111121121112212111111111111111211112111112211
11111222112222111111111111111121111121111111212211121111112211111211121121122111111221111211111221111
11121112111111111111212111121111111121111211112111112111211111212211211112221211121111112111112212211
11121111111222111211111111222112111211111121111111221221211111111112122112112112111122112121121111111
11122121112122111121112211112212112221211212111111112211211111121111221111111111121111111111111112112
12211112121211212111111211121211121121111111211111121212121112121212211112211211111121112211111111121
11111211112111111111211211111221211221221211111212121111111111112121111111212111212211112122111111211
11211121211121221111111212121222121111122111211111112121112111121212112112121111211111211221111111121
11111121111112122111111112121211111121211221121211122111211122111111111211212221112121112112111111121
22111212112122111222111111121121221111221111212111111111212211111121112112112111111211212211222112211
11111111112221121112222212121211221111111121111122112111121112212211211211121211122121111212112211111
11111112111111111211111121212211112211112111122111121211222111221111112112121211211212111112111221211
11211212112122121211211111212111211211122111211211221111112111111111112112211111211222122121212111111
12122111111111111112221111221212211111221112112111211211222211111211211111111221122211111122121121112
21112111121121111111122111212221112212111111111221221211211221111112112111112121211121212212112111112
12121211111112211211111211221121221121221111112222211221211121211111212111112112112121212111111211211
21211121211111121111211211111111111112111111112112111121121111212111212111111211221211111112121221121
11212121112111111212111211211111122121122112112112221111111121211111121121211212121112111111111121112
21122112112122111111211221211221121212212211121112212112112111211212111121221222212121211211121221121
11111112121121211211112121122111211122111112111112111112111211121211122111211211211111121111221111121
22121121211121121211111221211221122112111111211112211212212122212112111111211212221121112111111111221
21111212112211121211211221221112111212121211112211111121121112222112111111212111122111111111222111111
12112111111212211111211111111121111212212112111211211111111112111111111121221221211211211211211111121
21211222121121121112122222121112111212112211111121212111211211111221221112112111211112111112121221121
11221112212211211211211111121111121111121111112112111112111122111121122111212112212122211211121112221
11121211111211122211121211112121211212111221112112211112211111112122211112121211121111121112211111211
11221211111111112111211111111112122112221112121112111111221112211112121111112121111111122211112222121
