11112111211121111112122211212212111112211111211111112111211221121111112111121211111121111211111121121
22112211111111122112111112121122112111121212121112211211111111211122222111211122121111211212121111221
21111121212121122121111111211111111121111111211111111122111122111111111112111221122211211212111111112
21112221122121122111112111121211111111211112121111211111111111111111121221221211211212111121212211211
11211211111122111221121111221121211112112121211121111121122121111212111111121112112121222212111221122
12111221111122112121212111111111112212111111211111121111121211111112112122111212221121111211212211112
21112121221111111211222211111111122111111221112111111111121111112111122112111112211112111212112111211
11112211112111111121111111111111111112111212211122211211111111112112111221221111111221121112121212212
11111211112211111112111111121221121121112121111211111121121121112211211221112111111111112121121211112
11112112121112111211111111211111221112112211111212111112111111112111221111121121211111211111112121121
21111111122111211212211221112112111111111111112111111121221221121111211211212211111121211122211221211
11221111121221121111111121111211111121211111111112112111122221111112212111121121111121221122111121222
11121111121111112211121212212121112112112222212211112111111121212111111211111112121111111122111211212
12211112112211121121111111221112211221211211111221121111212111211211111111211111111111211112111111111
11221211122111112221211111211112111111211111111222211221112121221111111112221212112112211121211211122
11112111111211111111112111111112121112111122121111211121121221111211122121111211111112211122212121112
21111121111111112221121112112111211212112212112111121211221221122111112111121111111211121111121112211
11212111212111111111111122211122212111211122221121111121121121221111121111112111111111121211111111212
11111111111211122111111221111111212212111111111111121112222111111121111221212212111112121212111211211
11111121212211121112121111212212122111111111121111211121112221122112111211112111111211121111121212112
11121111211121122222111121111211212122121111121111112111111212211211111121111122111121112112111111221
12111111111222111111112111111122121211211121111111111111112121112121111112111111111221211121111111211
11121121121211211112111211111211211112211211121211212112111211112111111111212121211221211111121111111
22112212212221111112112111111222212111112111221221122111111122212221211112112212121112111211212111111
11221121222121122121112111111111112121111122111111121112121211221122112212121122112121111111112111111
11111211121111111112111122212212111111112112121212122111112111211112221121112111211111111112211111112
21122111121212112111211112111122121112111111121222111111111221211111122212221221111112111122121111111
21111111121211111211111221111111222111212112112221111111121211212211111111122211111211111111111111111
11111111122112122111211111221211211112111212211121211121111112121112121212111111111111121111122121211
11111221111111211122111221212111221211111111111212211111121121211121112111111212111111111111211112111
11211211121111121121211211112112111121212121111121212221111112111112212111111111211122122121121121122
12212212121111112121122111111121112122211121121122121112112211111121121112111122211112122122111111112
11222112112111111111112212121122111122211112111112211211121221111122212111122121222112111211121221111
11211212111111112212121111111121112111111111222111212112111111111111111121111111221211212111211111221
12112111211222121211121111111112111111121211111212121211121111121121221112111112112211111221111211111
11122221121211221211111221212111111111111111122122112212211111111112222122111121221221211221211111111
11211121112121121112221211212111121112211111111121121112111111122211112111211211122211111212211121111
11121111111121121111111111222111112121111211212112211121111211121112211222122111211112112121112111122
22122222212111121111111111111212122112222222211111111112112122122211111121111221112211111211112111111
12112111121212122121221122221221111111221111122112111111111211221111112111221121112112211111121121211
21111211112112212111121121111211211111211112121121121112121122111221211111112211212112111111122111111
11221122111112111111122122111212112211122121211111211112111112121212211111112121121211221221111121111
11111211121111112121111111122111211112112111111111122111211111112111122211112111112211121121121211221
12111111211112111111222111111112211111211111112211111111112112111112211121221111111211121221121211211
11211211112211211221112211121111221212111122111121121112111211112121111111111211111111212111211211221
11112111212111211121111111211121111111122112112111212111111121211121211111111111122111122111111121111
11112122221122121111121111111121111111121112221121211211121111111112212111112121221112122111111121222
11112221122111112112221122121112111111111111212121111122112212221111121222211221111112111121212212112
12121112112111111111111121212212111112111111111221111221212211221111121111121111111111122122111121111
21111111121121221111112111211111211112221212111112111122112211121112211212212112212121212121121212111
22122122221211122211111221112111111121111211111212111211111111111111111212121112211111112121211212111
11211122111111111212211111111112112111121112112111111211111111111211111211112122111121112111211112112
11111112212121111111112121122211212111121212112112121121211112211121212111111122112111111112212112221
11111122111112122221211111121112122121121111111112112111121112111211112211211111111111121111122221111
11212221112111111111212211111121122111221212111111211222211111111122222212111122111212122211111112111
11112111111212111111221122111221111111111111211121111111211221112112211111211111111121121221111111122
11221121212111112111122111121121111112112111121121211111111111111122121111222211112111111212221111112
22111111121122211111112111111212111112111111112121122111111211111211112111111111111112111221121221121
11121111112111122221111121121221111111111112112111212111111112112221111211111212111112111112112221211
12221111221221112111111211111211111211212121111112122112111112211111111121111211121111211111212121121
11112212112122111112111111112111221112112111211111111112212122111221111121112211112211211112121111121
12111211111212221121111212121222121112221122111121111221111211111112121121211122111112111211221122112
11112121112111211221121112112111111111211111211111211112111112121111111112122111121222212211121212112
11211211221211111111111111111121212121111111111111112121111112221121112111111121221111111111121121121
11121111111121111112111121211111112121122111221111111211111121112211111221222112211111111121111121111
11211121111211121211121111111211121111211111111111222221111111211112111111111111111222111212111211111
22121121111111212112111211111211221111221112111112121111111111122121211111122221111211111221112211212
11111111111121112211111111212212112211111122212121111111121122111111111111122111122112112121122121111
22221211212211211121111211212111212211221121211211121112212122112111211221111112211222111111111112211
22112212122121111111111121221111111111111211211122122111121121111211111111111121122111221122112121111
11221121121211111121111211112121212112221121112121121121111221111211111121211112111112111111121211221
12111211112111111111211112111112212111211211111111121211211121111112121211121212211111211111121212111
11111211222211211111211122111212111111121111111111111121112221212211121211112111122212111211111111221
11122111221111212112111121112222112121111121111212121121221121111112122111121121122111112211212221111
12121211211112111111221121221111111111111222212111111111111221111211212121121121112111111212121211111
11111112111121112112121111111112121121122112122111111112121111211111211111222211221111121111111121111
11211111122121111121112111212121211211211111211211112112121212221111111221111121122122111111111121121
11111111121121122222112211121212211211211111121222222112111122111121211121111111121111111111211111111
21111211112112111212211111112211221221111122211211221211111111121111111211222221111211122122121111111
12122211122111111211112221111212111211111111112112111221111111111111111211111111112211112111121221211
12111211111111111111211122121111121111122211122112121112112222111122121211111122121121111112121121111
21111111121121212121111111211111221211112112221211111212121111121221112111111112121211111121222121112
11121221111111112111111112111211112111221111112122121221121122122121112111112111212111112111211111121
22111111121111222121112122112112111112111221212211211211211121121121121211111112212111212122122111111
11111111121122211111111111111212121112112112221111121111111111211111122111122111111122111211122211221
22112111222212222211122111111112111121212222111112111111121111112111121112211121111211222121111111212
12111211112111112211111111111121111112121212121111112221122112111122121211121111112112212121112121211
12112121221112121111112211121111121111211211121121221121112111111222111121121111111111221122111121211
21111121122211112112111111111121122112212112211111211111111121211111211121111121111112121212211112111
12111111211122221212111212111211112112111212111121121112121112111211121111121121211212211221111211212
12111112111211111122111111111121112212221211221112112111112221111111111212111221112112121121111121121
11111122111111111111111212121211211111112211122111121111121211111111112211111221211112111111221111111
11211112111111211211121212112121212122111111111211121111121212111121221112111111111111212111221111212
21111111211111121212121111122211211121111111211121121111111211221122112112211211111211211111111121212
21211112211211112212122111121111221112221111221112111112111211111111111111212212121111111122121221111
11111111211211121221211211121111111211122211221111211111211222222122212111111211111111212221112121111
11111121222221221111111112211212111112111111221111111211111111122112211122212111221112212112221111111
12111121211122121112111111121121211111221111111212212112221121111212122221112221112111111211212111121
11111121111111212112111112121211212111122112122111221111111111111111111111111122121112121112111212122
11112112222111121111111111212111111111112121112112211121121211212211121122222122121121212112211111111
12121112211111221111111121111121212212121211121111221112111121121211111211112111221112112111111111111
