11212111121122111111111211211111111111112121121111111221221211211112211111112121111112211221211212111
11111212111211122212122111112122211111112212122112211111122212212112112211211111111112122121111211211
11212221111212211121222112121112212111221112122121111112211121211111121211111111212121121111111111111
21112111112112122212111112121111222112111111121121111211111122111221112111111121111111211211211111212
12111211211111121211212112111111212112112111121112211112221221111111111122211211211111111111211122111
21122122111111211111112111112112121122121122211111221122111111222121121122211211211211121122121121111
11111121111112111112111122111111111111111211111112121221211222212111212111111121111112212111112211111
11212112211221221211112212112211121222121112121112211111111111111112111212121221221111111112111111112
11111112111121112211211111111111121111112211111121222111121221111112111111112112211211111122212111212
21111221211212112112211211211122111211122211112112111222111211112112111212111111221121212111221111211
11121112212112121111212211211112112111211111111111111112212122121112111122112211212212111111112121121
21122112121121121111112211112122112111112122111212211211111121121212211221221212111121221111112111111
21111111211122122112121211112111111111112121111111211111121221222211111211211111121111221122212111112
11111111222211211112112111222112111121211111111111122112211112111211111122111112121111211121122111211
21111121112211212111111112212111111112211121111111111111112111112112111211111121122111221111111111111
11111121111211111111112121112111111211111111111121121111111112212112111122221111112111111111211221111
12111112111122211112211112111211111211211111212112111221111111121112112112112111112112211211212111111
11121111112212111112211111121222111211112111211111221221212211211221211111221211111221211111111122112
21211121211212212211111121211211122121111111111121111211211112111221122122111112111212211121111111111
11121212111121211111111121112121111211121211121111111111111111211111111112111211111121111112112112211
12112121221111121112211112122112111112111111111222121111112112222112111121221222111121112121111122111
11112121111122112221111122211212212121111121111111212211112112112211212122111121111112122211111121111
21111111211112121221112111111121111112111111211211212122121111212111122212221212211111211211111111211
11121111221111211121111112112121211221111111111212121111212121111112111111111121112222121121121111121
11211111121121112111121112111211111121212212211111111211211111221112211112112211111211122111111111122
12211211221211211111122111112121112112211121111111112111211111112212111212111222122121211122112211112
12111121121121121111111111212212121121111211112112121211111211111111111221212121211121121111222222222
11121221212112122111121212111121111112211221112121111221111111111211221112212211112111221122111122111
12111222121111111211111211111112111111221122122211212112121112211221111221112212221111112112211112211
11121112111211211111221122221111111121121111211212121121211111111111111212211111121111122111221112211
11221212112111212121221222111221122112111111111111112121112111111122121122111111211222121121111212211
11221112111121221121111112112121122111111212112211211221111211112211212111211221111111112211211111212
11111111111111111111212212111111112111212121111111112122121212112112212221222111111221112222111111121
21111211111112121121111121121221112111112211121112111121221121111221212111121121112121111111211221121
12211112111121111111111112112111111221111112211111222122122221111121111111112212112211212111121211121
11112112211111111111121121112111112111111211121121111111111112111111111221111111121111121211221211211
21111121211111111121111111122112111111211121221212111121112121121111111111112221211111211111212111122
11111211111111112212111122112111211111211111111122111111111111111111112111211121121211221111121111211
11111111122222211112212211111121122111111122111221121121121211111112121111121212121121222111111111112
21121111221111112211221111121121212211121121111111121111211222221121111121221221211211111111121111221
11111111112211112212211221111112111211111222121111121121111111211111112212111112112111221212111112111
12221212121111211111121211211212112211111111111111111211121111121121121211122121212122111111212221111
12111111222122122112112211111112111121221111112212111111111121122211112121111211111111111212212121122
22111111112111122111111111211121111122112121111111111211211112122112112111121121121112212221111222111
11111212212211211211211111111111111111121211111122121212111121111121112111222111112212112121211112111
11121111221121121211111121211212211121121111121222112111211121211211112111111111211121211112221122112
21122211111121121211111111121121121112211111112111111111211112221112112222111111111211112122111221121
11121211111112212211111121111111112221111122111111111212112111111211211112122112122222121111112112222
11111121211111122111121121111121111111111111112121111121121122121111111122112111111111112111111221111
12221111111221111121222222211121111111111111211211111211122111112121111112112211211111112111121222122
21221111111122111111112111122111111111222122122111111112211222211212111111111121112122211221121111121
21211121211111111211211121111121211221211112111211211211122111112122112111111111122121111211121211221
12111111111122111112211111211212111111112111111121221111121212211111112121111211111112111111111112111
11211211111212121112121111111221111121211112212111111111111111211222111111111112211211121212111111111
22211211211111121111112111212111211221122112212211221111111212121211211212111222111211121112221111112
12112111111121111112121111111121121112112111112121211211111111111111112121122111112211122212212112112
12212111111112121111122211211112211111121222212112212211221112112111221111221121211122211112111111112
12121112211221211111221112121122122121112112211111212211212111211111121111122121111212212222111111111
11111112122111111112111122111122211111112121111121111211222112211112211111121211221212211211111121112
11111111121111221211212111111111111111221211212111121211111111221121111222111111211212111122111111121
12111111112112111112121121111121221111212111112111112212221211111211221111111211111111111221111212211
21111221122111111121112111121112112211122212112211111211221211121112121212211221212111112111111111111
21111221211111111111221221211112111121111111221111212111122122111111121111112212111111212121121212122
11111111211111111121121211122121222112111111111111212112112211212211212121111121211111212111211211122
11121121112222121111111212111212211112222211211111221111221221111121111112122112111111111112111211121
22121211111121122111112111222121121112111221221121221112111111112112111111122122221112121112111121212
21121122111111121111112111211212211212222121211211112121212212222121112211121111121211211211112121111
11111112111212211111111212211122111211111112112121112221111111222111222121111121121112122111121111112
21122211112112122112221112112121121211111122111111121212111111112111211111112221221111111111221212112
22111211111111122222111111212111112211111112121121111122211121211221111111222111211211111112121111222
11211111211221211111111111212112212122221212111112121211211211121122212112111212112121112112211211111
11211112121122121121211212112112122112112111111111211111221121212111111111121111121211211211222121111
11121111112111211111221112122112111111122122112121112111112112121111111212122111122112121111111112211
12111222111211111222221211211111111221211212121212111121211111221112122212122111121121111111211111111
11111211111111121211122122222211212121221111112121111211121111121112222111111112112112111111122111122
11121211212111211211211122111111112111212212111121111111112111111221111111221111111112112211111111111
11111111112112211221211111111121112111222211221112221211111112111211211111211211112121112111111111211
12211111121111111121111111211112112121211121112212112111112121111211111211111111122111221211111111211
11211211112111211112212121211212121112121212211122211111112121121112112221211111112212121121221121112
11112111111121211211111111112111211112112111111211212121221121111111121122212111111111112121111221212
12111111212122211111221112112122121121111111112111122121111111122211212111111212112111121121121211122
12211111122121121221121112211111112121211122121111211121111111211211211211121211222111112122111121121
12221121211122111111121112111111111212111111212121111211111112112112121121121111111111111121211121211
12112112111121111212121212222112111111121122121111211111111111112211121121112112112211111121111212111
11221122111121211112121112112222112112212111211111212122221111211111111111112111212212112111211121111
12111111121112112121111112112111112112211221111112212212221121121211111212111121111111111111112112111
11121112111111121111221121121111111211121111211211121111112211121111211111221111122111121111111212111
12111121111111111112211112211111111121121121221211122112222111111112222121111212111111121122222111121
11111121212111112121221212121212121111111112112222112111121111121221112211121211221121122121121122121
12211122111111111111122211121212212211122112211122111211121211111212121121211121111111221121112211112
12111111112121111212121211212111121211122111112121112112111111111111112212111111112211112211111111112
21111121111121112111111212221112212212111111122112111211112111112111111121121111111111111111111112211
22112222211111121211111112111112211112212111111221111212121212111121221111122111211212212111112111211
11121112111111122111221112211112111121212111121111211211212111221121121211112122211111211212111211221
11112112111122211111122221121121111211121112121111112111111122121122211111111211111212121112111111212
11212112121221112112111212211111111112111211211112111111121111121121112111111211212111112212111111121
21112111211221112111121122111211211112112211222121111111121211111122112212111122112221212112221211212
11121211211211112212112112211111121211111111211111111212112211111111211211221211121111212111221112111
11122221111111111111221122111112121212112111121221111112111112221111111211111111111111111111111111112
12111121111211111212111111111111112111121111121112212121112111221111221112111111122111211211221111111
12211221222121121111111111111111112211212111211112111211121211111112111211221112212112112121121111111
