11111211121121212121212111121111121111122211211111111212211112211121221211211112111121111111111112122
21111211211112222111211121121121111111121112111221111112111112122121211111111111111111112111111111211
21212212111121112212111112111221112112212121122111121111121111211111121112122211111122112111122112112
11111121221211121121211112112111121221111111221211211112211121111222111222211111221112111222111221121
21111121211112121212212212211111112111112211221111221222121111112111221211111112211111112121111111211
11221111221111211111111111112121121122111111111222211111221111111112212211212221122121211211111111121
21112111112111121111111112121211121111111121211121111212121111112112221111212111111111111122112211111
21212211111212112111221111111211122112121112212212212112121211211121112111211111112111121111111111112
11121221121112121221112111222112222111122211211111111111111221222121112221212111121111121211111111111
21111212112112222112111122122112111112121111122121212211112221111122111111111111112211112211212212121
12111221221111211122121221111112111121111111222121111211121111111121122112111112211111111211111121111
21211111112111212221122111211112121121112111112112212111121111121212211222111111121211222111211211111
11111111111111111111121211112112112121111112112121221212211112211121122111112111111111121112111212122
12112111221112112121112121111111111111121111111112111121211211211211211111111111111111111111111211111
11111111111212111122111221111111221111112121222111112111111211122121222122112111211111211111112112212
11111112112122111121111112121111111121112211121211111122111111221211211121121221112111211121111121111
11212122111211221211111111121111212111122121121111211121111122111111111111212121212112111111121211121
21111112112211111212111121211111111121121221111111111211111112212221212122112212111111121111122122121
11121121111211211211121111111121211112221112221111212111112112212112221112221212112211111111111112121
11111222211111111112112211111121211212211212111121111111111112122121111111222111121121112111121112212
22111112212111212121212122211111121212111112111111111121111121211122211112111111111111211121211212111
11111112111121112112111222211221211211111221112112212112211121122111111221111211212111222121111111111
12112122121111112111222211211211111122111121112221112111111111112112212111111112121212121221121111111
11212111212111121111121211112121211111112121211112112111111221111121211211112121212111111111211111111
21111112121111111111112121111112211211121211121111111121211121121111121121112211122121111211121121122
11111111111211221111112211112121211211222112111211122211211112211211121111211121111111112211111211111
11121211211111122111112112111111122112111111121111111212111211122111111212111122111222121221121112211
22121112211221111122111212112211112112111121121111111121111211121111122212221111111112112111212121112
11222121121111211211122111111211111211111111222211112222111121112111111111111121122211212111111121111
22111121111212111112121111121121121221111211211112111211212111112211111111111111112111121112112112111
22111111212211112112111111111222112112211111111122212111111211121111111112112111111122112112112111211
11112111112212211112121111111211111112112211221211121122112212211211211121111121112111111111211112112
21111121111111221121121111221122211221211211211111111211221111212211221211121111111121111211121211121
11211121211121111121111122112121111111112111111111121211111212211211211221111111122122211112121112111
11121212121111211111111112121212111212212211111221112211111121122122112212112112211111111121121222112
11121112122122211111111222112221112122112121121221111121212211121122111121221222111221221211111112111
11121121111212121212121122111112221111111212211211211111222111111112112122211211212211111111122221121
11121121121211221111111112111211211121111212112111111212111112121122111111112212111121111212111112111
12121111211111122121111211112111112121212221221112122211221211112121111211211212111211111111211211211
11112111222112211211121111111211112111121111112112211121212111112122222111112212111112211111221221121
11211111112121122211112211111122121211112222111221221211121122121111111111111211121111112112111121111
11211111211111121211111111112111112112212121112122121111112211211111211112112211212212111121111211211
21112121111122111121111211122121112111112112111111111211211211122112112112112112222112111111111121212
11211211112212111211112111111121111212111111111111221112111111111111111111112111111111111112111112121
21211122211111111111211111111212111211112122111111122221121111111111121221122112121111121111212211211
11111111111121222111121121121112112122112111111211112111212122111122112121221111212111112112112111121
22111111211111112221121221211112212112211111211111121111111112212121112111121121121221211121211111111
21111121122121111211111221211111122121111111121221212212111121111211111111222211121112221112112121212
11111122111122112121111111211121121121212111111221122112111111212111121121111111111221112111211121221
12121212121111112112111112111111122111121112111211211111111111122122111111112211111112111112111121121
12211121121111111212212211211111121212112211121211121121112111121111111221111121211111111112222121112
22111211111112122121112111212111111111121111122122111121211212111111111121112221111111121221121221112
11212112111111111221221212222121211111111122112211221111111211111121121112112111111212211111212112121
21121121221121211211121111122121111111112211111222111112121111121211212111111221111121111111111212112
11121111211111211211212111111212111111212212111111121121222121111121121111121111111212221111112112212
22121111121121121112121211111121112111112111111221121211111111111111121121121121111211121111211111221
12112111111212112111112121211121111111211221222111121111112111121222111211111111121111111112122122111
21121111111211211121112121211111112121121221111122111221222211211121111111121211111211211121111211111
12111121112112121122211121111112112121211121122111211211111111111111211111221211211211211112121112111
12211121111211212112121111111112111121112112211212112112221111111112112111111112112211111111211111211
11221111211121111111211221111211111111121121221112212111211111111211111111112121212211111221121111111
12111111211112121211121212111212111221112221111111112212211111121221111121111121121111111122112122211
11112111111211111111111112111111211111111112111112111212221221211211222212112212122111221111112221111
11122111211122111112122212212111121111121122111111211211111112211111112111111111222121111212112121122
11121212111111211111211211111221221121221211111111222112112111111111222111211212111111111221111111111
21111212112112111111212112121111111112121111211122111111211211121211111112111111111112211111121111211
21111112111221211212121112112221121211221222111111122121212111111211111111111211212121212111111221111
11211112112112122122211221112121112211111121121112221111121211212112212221112222111111121211221111111
11212211221211211111221212121211111211211112111121111111221111112111121111111121122111111112211221111
11212111211212112222211211111211221122112111211112111211111112111121211111212111111111122112121111112
11212211111211212212112111121111121121111111112221121111221212111122212111111112112111212111211212111
22211112122121111121211221111211221111111111111111111112211111212111112111211121121222112211122121121
11111111222111121122112221111111111121112211211121221111121112122111111121212211212122221111111122112
21112111111111112211111121211121111111122111112212111211122121112112122211112221111111112111222212221
11111112111121111111111111111111111111111121122111222111112112112121111111112111212211111211221122112
12111111212211121112112121111211111121122122212111121111112211211121112221221211211121111112112111221
21211112211111112111121111211121111111111121121112122111111121121122111112121111111121111112212111121
11111221112211121212121211112121111111112212112111211111111222221111112111211112221121222121222222211
11111211121111211111112111122111112212112121112111111121111112121111122111211111112111112112111112211
22111111212111211121111121111111121111112212111112212111121121221111112111111111111111111111122212111
12112121212211111111112112122121122122121111121222121211111211111121111111121111121112111111121111122
11211121111212111212111112111212111221121211222111212112112111211221111122111111111112112112211222112
11111121122111222112111111121111211221112112112111121112112112121212112111212221121112112112111111211
21121211121111111221112212211111211212121112121121122121212111121121211221111111111121122121112221112
11111222122211121212121111221221122112212212112121111111111112111121111111221111121111211111211112122
11221111112122212111111211122111112211211121112211111111112111111111111221111111221112111112212111111
11122111112211112121111111121111111111121121111211112112121111111211112121122211211111211111121121111
11111111111211111121111121211222111122112111111221112111111211111211121111111112212111121212111111111
11111221112212121121221221112111212111111121121211211112211221211111222112122111212111111122112221112
11111121112211111111211212122121111222121111122112111121211112211112111122211121111211122111211121121
11211111111121211212112111212122121111111112212212111112111111111221211121112121121112121121111211122
21221111211111111112111121211122111122122121121111121211121121121122111121111212111111212121221111211
21212111112121212111211211121111111122112111111221121211212122111211222121111111211111112112111121221
21111111111212211111111111121112111122211211121111212111122111121121111221112221121121212211111111112
21212112111121112112121211211112211121122111121122121111112222121211112211211112112221222112111211121
12111211121212122121211112122112112221122211111122121211211112111212211111112221221111222122222121121
11211222211211112112121111211122112211211212221122112111121111111112111111111111112221211111121112112
11111211122111112111121111211111111111212111111121111212112212212212211222211112111212112111222122112
11121121212121111121212111122112222221111112211211112211211111221111122211122112111111122112111212111
12112211112212112122112111212111111221211211221112112121211221111111211111211211122121121112212211211
11211221111111112111222111222111212111111121211111211111111112222222111211211122111121121121221111112
