11112211111222111111221212121111111121111111211111111121212111111121122112211211122112211112111111221
21112121212111211111111111111121121112221122111111212211211112121111111221111212211221211112121211111
11221221111211222111112111212221112121111211111212211112121121212111111211112121211211211121111112111
11111121112111212121121211112111211112221222111221111111112121111111111211211121122112211112112112211
12221211111122221221221122112221211111111111211211212111121112121122111121111111221221111211111212212
12111212111111111212121121211111121121122211211121222222111122211122111111111111211111112111112211111
11111121111112111112221112122121111111121121121111211122212211121111122111112221221112221211111111112
11121221111121112111122121211112211121211212222112111121111211111112111112211212112211111112211111112
11111221111121211111111122211121222112212212111111112112222111111111121221111121112112111212111111121
11211211221212122122212211122111111111211112211111211122112111112112212111121111121111112121211112111
21122111111121112212121111112122111121211211121121121121212121211111221212211121111111211122111111112
11211111122112111111212212121221121111211121121212112121111211211111222111111111221111111111121111111
21122111111111221111221221121212112111112111111112121122221111211111111112121111111111212111111221121
21222122211121112222221212111111121121211111112211121111122111111121111111211112211112121211112111211
11212211121211112121111112121222211211121211112112112111111122111111111211221111112111112111221112121
11211111112211211121211211122111111111211111111111111111111111211221121111111112221111212111121111221
11121211221221211122211122121112111122121112212111121111111111222211121111112111111111111221221211121
11222111112111122121111111111122111211112111112211211112111221111122112111211111112111122112211111111
21111112111112112122111111111212211111111112111212211221112121111112112111121121111211111111121212212
12111212121212111121211121122121111211121111111112121122112112211211111112211221111211122212122211111
11111111211121211112111211112112212122222111211112112122211111112212121211121111121111212111111212111
12111121211211121221121121112211112111212221111112112111111121111211211111221222111112211111121212111
22221222121111211122211112111212222121221121121111112112111121111112111222121211111112111111211112111
11211212211121121112211112122122111121112122122112121212211212112212211111111122112111212221121122111
11111112111112222112111112121112211111111221211112112121122121111221222121111121212111222212212122121
11111122111221111121121212111212111211111112112211121121111111111111111121112111222121111112122111121
12212121221211111111111111112121121111112112112221111122112111112111121221121111111111111211111111111
21111112112211211111122111211121112122121111111121111212112212211121212122121211212212121122111111221
22221112121211221111111211111121212211221111212111122212111121222122121121112221211112112121212221112
11111112121121111211111111111211121112111111212211211222121121111221211121112112211111121111221111211
11111212121211111121121112121121112121221112111211111211111122111111121211221221121111111221111211112
12212112221111212111221111211112111112121111121111111111111121111111111221211211112121222111211111111
12221111121121111112211111111111221221111111221112111211111212221122122111121111211111112122212211112
11122121112221211112111122212111121212121121121111111111111111212121211121212221111221112211111111211
21211211112222211111111111121212121111122221211212211121121121111211121122222112221111111111112121211
11111111211111111112111211212112111121211211112112211121112111122212121111111111112121111112111111212
11112111112121112111111121211111122211122111221121121211222221111111211211221121111211211211211122212
21111221211221111212112122211211212211111211111111222212121111112111111211112112111111112112112221121
11212112122221212111111122111112112121112111112111112211211211211111211212111121212212112221111211211
11212111111112122121111221111121112211112111111122211211112111121112122111112111111121221111221112111
21211111212212121121221111121121111112111111122121221111211111112222111211122112121211121122111121111
21121121211211211112111211111111122222121121111111111112112221211211112221112111221112112111111122111
11211221111111111211211121111111112211221121121111212121211112211112111112121111111112111121122111212
11111121121121122122112121112211221111112221111222122112112211111211111112111111111111111111121111212
11111112121112111112111122111111111221112212121122112111111122111221212112121221221121211221111211122
21221111211221111111111112211212122121111121211221112111121221212121121121121121121212212121111111111
11122211211121211121211111111111212111211212211121111111111111221112121111121111111212111111112211111
11111121112111211211211111112112112112122121121212111121111221121121111211212221111121121211111211111
11122111112112111122111222112211111111111211111211221111112112221112221221121212111111111121111212112
11111121212112121211112212221211111121211112111122111212121121111211212222211111211211111211121111111
12211211111112122111112111221211111121212121212111111221122211112112211111122112111112111121111121211
11111112222111121211112221111122111121221111211112121121221112111122111111112112121211112112111111212
11211212112111122212111111212211211111122111221221111112121111121111111111111122111112111222111211222
12122111112221111212111212121122212112111222121122111112112211111122221122222111111112221112121112111
11112211212221111122211111111111111212112111212212111221221112121111112111112111112121221111121112121
12121211121112211111111222211121111211221111121211111111112211112111211211111121111111111211212222112
11222211121111112111111121112211112121112111222122211121111111111211121111111121111212111212111221111
11212111111111111111112122112111211122111111111212111111221111112111112122111211211111212211212211221
11112121211212112112111121111211121121111222111211121121111222111112212221121121112222111112112111111
21111121111222111212111111111121121211121111121121112221221111211221121111111112111221111111111111121
11222212212111121211111121111111111112111121212111121211211212112211212221212112111112111111212111221
11122111212112112111212221112111122111212212111122111221111211121121111211111111211111121211112122111
11112121211111111211112211111211121111122111121111111212112212211221122121111111111111121122111221211
12112121112111211121112211111111112122222112121211111111212121121111112212111111112122211112112121212
21111211211111212111111111112211111221112211211112121111211112121211211221112112121212112112222211111
21111111212112111111211121111111212111112121121122112121211212111111111122111112211122211211121221111
11112111111121111221121111111212221111111112222112121212212222112122212111112111111111121112212111111
12111211211121121211111111121221111111111111212111211112112111111221111121121122221111211111212212111
11211111111111111211121121211111111112211111121221111121112111111112221122212112111121211211121122122
11111122112121211221112122112111121221121112112111111111121211211111121111222211111212111111111121221
11221111121122222112111211111211111112111112111211112112111111211221112221111211211111222211121111121
11111111111111111211122111111111221221111111211211122121121122121112111122211212111122111211111212211
11211111111212111111112111122222211111111111121111221111121211112111111111111112111111111111111221111
22111111211121111111121121121212212121112112111211111122212111121222122212121112111122111212121112112
11111111112122111111221211111121121122121221212111111111111122111221221112112221222112222111211212111
11112121111112122121111111211111111212122121112211211112222111111111211211111111111211121211121111111
21111111211211222211221112211112111121212211212112121122121222112111112111111112111112211121112112222
11211222111112211211211111111212121121112221112112212112122111111212111122111212112111111111211111121
21111111111121111212122112111112112121112122111111121111122211222121111121211112211112111112121111211
11122221211121112111211112111211112221111111111122121112111212111212211212111211111212221111111222111
11121212121121111122112222111222211211111111111211112111111111112121121121111212111111111121112211112
21121212111121211111211211122112112122211221121111221111112211122111111111212121112211111121121112111
11111212111111211212212111111221111112121122121111211121121222112111112111121112212112211122211211112
22111111111221121222221111112121121121112112112111112121211112221111212112111111111111111111211112112
11111111111122122121112212111221111121111111121111111111112112211221112111121211111122211212212121121
11111221121211111111221121221111111212212111212211221211122111111112111112221221211111112122112121111
22211211112111121121112212211121222121121111111221121111112112211211211121121212121111122221211212122
11111211111112211122111112111121211111211111221111111121211212111121121112111212111112111111121212121
11212111222221111111122222111111211111111111211121111121111121112111112111211111112111111112211122112
21112211121112211121122111112211211212111121112111111112121211111111112221111212111212112112112112121
21111112112121112211111111221221112112111122111211122111111111221211211212111121111221211211212111111
12121121121111211111122111122111111111211111111221111112111211211121112111211122112111222112221111112
12221112121212111212111212121112111111212111212121111121111222111211121112211121112111212221121221111
11122111111112111211122111112211112112121121112211211121111112211112121111212111111121212111122211111
12111121111221112122211111111111122122111111211122211122222112121121122212211112111111111211111111221
21112111211211111212111112111111121211221111111111111121211112111112112121112111111112111221111212121
11112221111112212211121111211111112112111212222221211222111112112221111211111121112112211122121111112
11222111121212111221111111112222121111221111212211112111112211211111112111112121112111212111212112111
11111112111121111211111111112111112221121121111121112111111111111112121121112111121212122211212211111
21211112112211112121221112212121221121112211211112112112212212121111111212111111111111121111122122121
12112121122111111112122211122111211111112121112112211121211112121112111112211111112211211112111121112
