12211111112111121112111212121211111111112211111111111111111121211122121121111111111211211211221211111
21111111112121111121212111211111111122212111112211111111111122111111112111111211121111111211211211111
21211122222122211111111111211111112121112121112121111121212122121212122111112111121212111111111111112
11122112122111211112111211111122111212211122111111211111122211122112121111121221122121211111211111112
11211111121111111222211111111121121211112111111222212211121211112112112112212111111112111111212221212
12121222111211121211221111211111111111111212121111111212211122111221211211212122211111111121121111221
21111112121221121211112112121111111112121211121121121212111221111111212111112121121112111112112222211
11112122221112111111122121121111211211111221211121122121211122111111211211121122122121211112111111221
12211221121111112211221111112111112112211111111112211122111121121111111211111122111112121111112212122
12111111111111221211211111111112211211111111211221112111112111221121112211111111111111111111111122122
11111122112111111111221111211121111121111121111111111212111111111112111111211111111111112211211121121
11111111111212211111211111111111211111111111111211111121121211111211121111121122111111112111222221111
11111122121211211211111212212221111212222111112121211122211212111111121111211112221211111121111211121
11111111111122111221122212111112111121112112122221111111112111121111111112211211211112121222112111212
22111111112121211212211221221112211111221122111211112221111112111111112222112112211111112112111211111
11121211221111121122121121111121121111111111112211111121111111221211112111111111211122111212211121112
21212212121111212122111111211111221221111211212111111211212121111212112222111211221221121221121211111
12111121212112211121111211221112112111111121121211121111211122112211111121211111122112111112111211111
12112211221122111122121112112212111112112211211211111221221111112111122211111121221121212122111111111
22121121122111111211222211121211221211211221112121212212111121211212111122111122211212121121121111212
12211221111122112222112112212121211111122221211212112111111111111121112111111212221111112112212111211
11121112212112212122121121121111121111111111111122121111122111111211121111111112121211111112112121111
21111111111111111111112122111111111111111221221111111111112111112111122111221121111212111112121212111
21112121111111111212222111122111212121212111221111112212112111112111111112121112121221211111121111112
11211221112211111121211111221121122111121212122111111111122111122111221111212211111122211211211122111
21211111111121212111121121111121222111212111121111111121111221111111211111212221111111222111212121111
11212112111111121111112121211112111211121211121221111111112211111212222111111112121111121121122111111
11111111211111121111211221122112211222211111211122121111111211221111111121211111121221111111111211211
11111111212121211111121111111112121211212212121111212121112111112212211111211111121211111121111121111
11221111112111111211111112221212211212111111111111212121111111112111211121111121211111111111121212111
11221111112221112212111211121221212111112121121111121122121211121111111112211112111111111111112111121
11111112111111112211122111112111121121111111121212121112112122221211212121121112112122121121122211112
12212111111111111111121211211112112112122121111121211121221211111111121111112121122122122211121212211
12211111221211121211211211121111121111122111112121111121112121211112111112121211111112111211212111112
21111111111212211111212121121111112111111211122111111111211212112221122111121111111111111211111122121
12121111111112122211121122112112112122111111111111111212212112121112121111111112111121212112211121121
22111221222111121111112112111211211121111221211222222212111111212121112111112111111122211211121211121
11112111212111121111121112111211121111111111112121211111121122111212212211212111221221112212111211111
21212212121111221111211211111121112211111122112211211221121212111212212112211221111111211111112122112
12121211211111111111121121111112121111212121111221121212111221111111121111121122221112211111111221221
21111111112121111211211121111122212112121112212111211121211112211112111111212121111112111111111121111
12211111121121221111111121111211211121211121211211221121211112211111111211211111111111121111112122121
11212211111112112211221121112121111111121112121111221111111212211112221122121111111211222112111111211
12112111222122121111212111111121212112222111111122111222221111111212111211212211111111111211211111111
12121212122112112211111111121111211111111211122221221211111121111122112212211212211111221221122121121
21211111211211222111211112111111121211121112111121212111111112211211222111111211121212122212111212112
21211111121122111111122111112111211111111112212122121122112112222211121111112212122211121122111111121
11221111211211212222212121112211111222112121111111111211111111111221111121212211111211111111112211112
11111121212211221221211111121211111112212212111111111111221222111111211111211211112212121111111112121
11211211211112111111222112111111221111111211111111221112121222111112111111111112211221121222111112111
11112211111221121111111111121211111212111111212112122111111111111111111111111121111211111211121121111
12112122211121111121121122121111112211211212122111211111111111111211211111111121212221221112111112111
12211111111122111112211112121111111112111121211211112221211111112212112121111111121111111121211111211
21112111211112111112111112121122121111111121111111211221111122221111122111121111122111112112112211121
12121112221221122212112122121211211111121111111112112111221221221211121122111112111111122121111221122
11121112112222212212121111121111112211112111222222221211111221122112111221111211111221211111121111111
11122112111111212112112111111211211111122112111111211112211211112122112221221122212111111111211112211
12212111111211111211212121112221111111121121211111111222121112111111121121121112112121122111212112121
22121212211221221112111111221111111211211122122122211111111122111111121121112111121111122112112211211
11212211211122121121212111112121212121111122211111111122112112112122122111111111111121212111121212211
12111121111112212111111111122121121112211121112222122221211111111112211111112111121111111211121211121
11212112111112111112111111122212111211211121212112112211221211212211111122111121112211122211111221111
21111111121111221111212121111121122122111211212112121121212111111111111111111121112121211111112212212
12211112111121121111121111121211211111211121122112111212112121111211211111212112222111212111111111111
12122112121212112112112121111111111212121111211211121212112122211211221222112111121111111222112111111
21112111121211221112121112121111111112122112121121112112221211121111211211121221122112111221121111111
21211111111112211111211111212111111111111211121222112221111111221121112211111121121211221221112121211
11222111111121221211111111212111121111122211212111111211111121111112111121221212212112112121211122111
11122121212112222221111111122211111211221112112212121211121122212111111111121122212121221212122212112
21112122112212111121221211111211111221211121122112112211212212122211222122211121121221111121212112111
12111111111112121211122212111121111222111211212112111211111112111111122211112112112111112111221111111
11212112111111122111112112121221111111122111112111211222211222111111221111211222112121212111112111211
21111221111111211211211211212111121111111112111211122121211211121112122121111122111111211211112111111
11211112111211112211111111222111211121111121121222111122211111112211111112112111221111121221111112211
11122112111111112221111111111211111221211211111121112112121122121211112111122111111111122121111122111
11121121221111121111211111211121221112111112111221211111112111111121121122111112111221112121112111111
11221112111111121122111111121211111212111111111121111112111112122112211111222121121112111121211212121
22112221221211111211111111122121212121212211222111211111121111112111112121212111112211122112112121111
11211112211112111221222121221112111121211212211121111121121121221211111211121211112211111122122111121
11111111111111121211121211221212221111112211112111112112122221111121122112111111111222211111121211221
11212111111212112112222221112212121212111111121211212121112111112111121211112121111121211112111111111
12211222112111111112111111121111112111111111212111111121111111211112112211122221111121121121111112111
11111111121122111112212211112211111111112112111112111112111112111212221121111121111112111121121111121
22121111211111111211211111121122211111111111111111111112111111221121221111111111211111221111111121112
21212221111111112212121111111111212121111211111111121212122211212111121222211121112111211122111222111
12212112211121111112122112111212111221111112121111112122112121222121212111111111121112121221211112112
11111212112122111111221222122121211211112221112121121111121121211121222112211111121211122111111112112
11221222121112212121211221121211212111111112222111212221212111112111111212121111222112122111111111112
12121111221111112111212111111221112111212111111211111111121212112121112111121121111222121121121211212
11212122211111111121112121222121111122221222122121111121221112211111212111111111122121111111112211121
11221211212121212112111111211211112211121112211112111211211112111211111122111111111111111112211212112
11112211111121211111222111112111211121112121111111221111221221211211121211211111121212111111111111112
11122121211111111121212222111111111111111111212111121121211211122122112121111111211122211212111121121
12221211111211121211211121212212122112111211212211111212121111221222112111111121212121211122122111112
11121212111121222122111111121211122111111112122111111121111121112112111211221121111121121111111111111
22112111121121111211111111122111221121222121111111111221222111111111121112212212121121111111112111121
11112211121112212221111211222111111212112211211111111111212111221121212111121221111112121111111112211
11121111111212111111111111111221211211111121111111112111211111121111111111211111211112112111111111211
21221112112111121112111112211122221211211211221111112112112221111112112212111121111112111111122111211
11211211111111211122211112211111111111121111121112111122112211222121111121111121112212111111111112111
11221221212112121121111111111221121111111222112112111121112111212111211111111211111112121211212211111
