21122112111211111111112112121111111121121212121111112211111111111121211111112121111221121121211212211
11121111121211111211122112112121111211212111111111112121211112112111111121112111211111122112111112111
11121111221111122111111212212211111211211111121111121121111211111221121111221111211121221122111112121
22211111111111122121212111112121111111111111221112211112112112111112112111111111112221211211211112111
11112122211212111111111222112111212122111111211112111112122122112211111211122221212211111111111111211
11121112111121112121111111112211111211111111111122121111111211212121112121212212212111112112111111112
12111112111111122111212211121111111111111111111211111212211221211121122111111121212211112112111122111
11111121211121211221111111121221111211111211211112211122112212121111212211211121221121211122111111111
21122111211111211221111111111112111121121111112212111121111121211221221112112111121211111111111122111
21111111111121112112221111111221121111111111112121111121111122112111121122111211111111121111111112211
12111211211121211121221211221211111121111122111111111121112111111111121111111112221111212211111111112
22211111111122111121112112112111222211221111211122121211112221221121112112212121121112111211112111111
11122212122211111211111121111111111111212112212111121111111211222111111111121221221221121212221111111
11211121112211111111121111121121111212121112121111211211212122111111211212122112111212111111111112221
21111121222112221211111112211211111111121211221222121112112121221111111112121112111121111111112111111
11112111212221111212211111221221111111121111221111111111111111112212211212111221121111211111112211111
11111111111112112121121111112121111121211221212111211121212211111211112122111111112211221111211111111
21112212111111211211221112112211111121212112112221211211111121212221111112111111111122112112111111111
11121121111212112111111121112211211211222121221111112111122121212121112112221212121111111111111121121
21112121111121112122111111112121112112211112211111121211211212112111111221111111112111211212122111112
11211112121221111111111112212112111112111112112211111212121211111111211111121112211121121211212121112
11212222111121212211211111111111111112211212211211111212211221221111111122111121112122112111121112121
12111212112111221212111222111211112111221111121112111111111212111111111122111121112111111211221221111
12112211211111211111112212211111112211111111112112211112121121212122111111112112212211111111112111111
12121221121111112111111121111211111111211212112112112221121111112111121111112211112111111211111112222
21111122212111212112111212111122112112121221221111111122111111121212122122111122111112221111121222121
11111111122111111111111212121121111111111122111111111122122111221222121121112211122111111111112111211
12122211211212111111211212211222211211122111222111121121121122121112121121122121111111122121121121111
21111122211111121111211121111112121211212121211121222111211212222122121211212121121111122111211111221
12112111111211122211111112121121112111112111211122112111212212111221112111112111111221122122222212122
21212111222122111122112111121111221111212111111111111121111112112221211211212121112111111121111112111
11111221112111211111221111211111111111211211221111111221122111212111111111112112211111211122221222112
21121112112211111112111221111211211111121111121121111111111212111112211111121121211222221111211212112
12111111111121111121222122111211212112111222112112121111212111212111111111211211111121121222111112112
12112112112112111112211111111111211121112212221221111122111111111122111121121212112111221121111211111
11211111111221211122111121111212111211111211222121112211211121121212111111221211121211111211211121222
11121211112211121111122111211111112212111112211111212212122122121121221111111112112221111121211111211
11121111121122112121111111112111112211121221211121211122211111111211112111111121111122111212211112112
12221211122212111111211111111122111222111211111122111221122211111121222111111112121211111111121111111
11211111211112211211111211121111111221111121212121111221122112112212111111112121111121111122111212122
22222122211212121211112112111121121111111112111112111111121211112121111111111121111111111111112111111
12111211112112211222221111221111211112212211121111111121111112212211111122221111211222121221111111111
22121222111211111112211211111212121121112111111122211112111111211111111111111112111111111221121111212
11112121122121112122111211211121211111112122122211221121121111221211122111122211112212212112222211122
22121111121121111211111121112222211112111111121112112211111111111212211111111122212121211111211111111
11111121211212122111111111222211111111112221111121121111221121211211212222112111211122121111122111112
12112211221211111111111111111122122221221121121211121111212111111211111112121111112111211222221211111
12122212121111111112211111121212111112121121111211112222121112112112111211212111121111121112111112111
22121211112111112111111111111111111121111211111122111111212111111112212112112121111111111211211111112
12111211211111111122111121111111212211111212111211112121121121111112122111122111221222111121112111121
12111121121221211111111222211111211112111121111111111211211212111121111111111111221112111111211111111
21211112211121211111221111211111112212112122111212111211211112122212121111221222111212122122212112112
11112221111221111222121121111221112121222111112121121122212111211112121121111212211112111121211111112
21221111211112111112211211222111121211122111112111121121111111121111221111122111111211111111121122111
21111112111112121111111112121212121122112111121221111122112122122211111112121121121122121211211211211
12121111211112112122111121121111112122111111111111111121111121111121111111112112221121111221111111111
11121121111111222112111112121111211211111111211112222111112112111212111211212211111111212112112111111
12111112111122111111211121221121221111222111221121111211111211111211121111211111122112121222121111111
11121211121212121212122111112121111111111111121111111111111211112111121112111112211112211211111122111
11111211211111111112221121121211212222111211111212111112121111121111212111121221212121111111111212112
11211211111212111211111111212111211112211112111111211221112111111212111221111121112112111111111111112
11112222211112112121111111222121111212111112211211111111111111211211111212222212121111111111211112111
12211121211211111221111112111211112211112221121111121121122211211111222111222121212111111211212121121
12122112121111121121111212111211111212111111111111121111221111111212111111211111212111112112111121221
22122112112121211211111121211212112211122121111111211212112112111112112211211211121111111111222111112
21111111212211122211111211111211111121111112221112112111121111111111121111211111112111111211212121221
12211111121122111111111222111212121221111111221111211111112211111122111211222211211111211111222111112
21122121121112111111112211111221112111111111112112211111222111211121121111121111111221111221211212112
11112211121122121112111111111111221112111111111111211111121211112111121111111112111221211211121121111
11111111212112211111111222112111111211212121211111121111111211211111112121111121111121122111112211111
11111111121111122211111111121111122112112121121112121211112111211211111212112221111211211121111111111
12111211112112221211121211211111122111122121211111211111112111111211112112112111112222111122112111222
22111222111122112112112112111111111121121211111111122112111111212122212212111211212112121112111112112
11111211111121211212111122111111112221112111112112111111111212121112111111111221111121112111111212121
11211121122111111111111121212212112211111111112211112211211121121111111121221111211211212111111121111
12112121121111111121111121212121111112112221122111212111111211121111111111111122111211121221111111112
21211112112211121111111122221221111121121221111212111122122111221122122121111112121112122111121121212
21212111112111122111111111121112211211111212112111112111121121112111222112111111112111211111111212112
12111212122221111111211111122112112122121112121111121111112112211221112121111112211211112111112111111
12111112111111211111211112121111211211111112211111221211211112112211121121111212211122111212111211211
21211112211111111211221221112211111112211121111111221121111121111212221211221112111221221112121211211
11211111112111121122111111211111121112221211221111112121111112111121212122112112111112211111121112122
12111111112111111111212111221222111211111111112211111121211111121211221211121111111211122211111121111
21211211222211121111122211112111212122111112221211122111112212112111121111111111111111211112111111211
21111111111122211211111111111111121121111111211211111211221112212122111211212122212122112111111121211
12112111121211112222121121121211122221122112122112212111112112211211111111111121121121122211121111121
11111121211111211111211121112112112112221222121111211212121211112211121221211212122111111121111212211
12112111112111122111221112121112122112211212111211121121211121111211121211111121212111211121211111222
11221121111211112111122221111221121212211121111122211212111111211112111111121112111211121211212111211
11212121211112212221121112121112211112121221111122111212121121121211111111112221122121112112111121112
12221111212122111111122121111111111121111111211121111211111211112111111121112112111111122121111211112
12111111212121111221111212111121121211121112211111211112111221121111211221112112122211111121112111111
11111211212221112111211211122111221111212121211211211211111122111122112111112111211121221111112211112
22211111111111111121111211211221111112121121211121212221222111112111111212221212122111111222121122211
12211111211111111211121111111211211112222222111111121121112121211211211112112111112121111111111212112
11121111111122212111121112212212112111111112121112111112211121111121111211121111111211221111211122222
11112111211112212111212212111111212112111112221121112112121112111111211211222112111122111112212221121
21111211112112211112112211111211222112211211112112121111111111121122111111212211112111211221112112121
21111221112121121111112121112111121112121112211211112112111121121111122111121212112121111112122111211
11111111121211212111111122111122211121121122111211112121112121111112122222112111112211121111122211121
12111111121111111211111211121221111221121111111221112211221111111111211121111212111111121112111222112
