12122111211112211222122111221121121111112111112112121112111111211121112111111212121111112111121111112
11111111211121212111211112111121121111112111112121212111111221112111112111221121211121211112211111111
21211211211111121211111111112111111121121111121111111122212212111121111112112111211211211121121111112
12222122111211122111111221212211112111121221111111212221111112222211121121111211111112211121121111111
11122111111111112122111111111122222111111112121111211212111221112111211112212211112121111121212122111
21221212221121121121112121212211111221111121111121121112211111111111121112211112111121111112121112111
11212111121111212111122112111112111121111111111212111221211112122212211111111222111221111111111121111
21111122111112111122221222112111122112111111121111111212112111121212111211112211121211211112111112221
11111221111222111121121111111121111111111111212221121111211211111121211111111111121212111112122111111
11121122111112111211112112111121111122111111221211111211111111221111112211111111111121112111211121111
11111221121221212222211112111211111111111111211111111111111121221112111111111122111111112121112111111
12122112121211112111121121121121212221111111212221121112111111221111211111221111121112211211211112121
11121211112111111211212111221121222121111211221211111122111121111111221121111221211121111211111111211
21112211121121112111121111212121122111121211111121111111111111122121111112211211111211211121122111211
22111122112121211111122212112121212112211112121112121111112121111111112211211121121111111111221221211
11111121221211112212212111111111211112111111121111212122121222111221211111221121112211112111111211111
12211211221111111212211212212121212111111221112111122111112111121111111211111111221111121111212212121
12212111111111112111111111122112121121111121112112111111112211211211112112112121111111112111211111111
11211111111111111111221112221111121211122211121211111121111111111122111121121211111121111111111111222
11211112211122111111111121122121111122111121111121111111212112111121211112111221211111221121111111111
12211111121121212111112222111212211211121111212121111212121221222111112111211122211121112112121212212
11212221211121112212121211112111111112121111111211112121221111121111111122121212121111122211221111111
11111111111112211111211111111112211111121212122211121121212111112111111111121111112121211111211121111
11212111211121111211112211211121111121112111112111211221111122111122221211121121111111121112122221211
11112111221221111212111112222211211212111221112112211211221211211112111121211221122111111112211111111
12111222111111111111121211112112111122122121112111221111212211111111111111111211111111121111111221111
11212112112121111222111211112211122111221221111221111211111112221121111111121112212211111112212111121
11111212111112111112211112122122112121112122111211111111221111221121121111121111212111111111221121212
11211112211212211121121211122112112121121111112121111111112211121111112121211111111111211222121112121
21211212222121121211211121212111221111212221112111111121121111211211111112211122121121122112211211212
11111212112111211121111211121211121221122111121111111212121111211212121211211111221211111211222112211
11111122211111121211211112111211222112221121112112111121112221221121121121121112112111121111111111212
21212211111221121122111211112112111112122212112111112122121121211111121211121111111111111221121211122
11211211221211221111122111111111122211111111111111112221122111121112221121211111111111111212122111111
21121111121211111211122112111112212111111121111112212111111221221111112122211221211111111221211111111
12212221111111111122211211112111221111212121211111211112221111211111211211211111112122222111212122111
11111121122111121111111212111112122111111211111211122122111111111111121122121121121121111111122211221
11112121111111221121212111211122211212121112221121122221212221111121221121111121222122111111221221111
11112111211222211111211111211111111211111121212212111112121211111121112211111121211111211211111112112
11212212112111111121222121111222111122111222111211211111122211221112211212112111122211111111212221111
11121111211112211121111111111111111211111111112212121111111111121212121211111112221111212212211121111
11221112121212211221211211111111121111112111111211112121212111111121111211111121212222111112112121221
11111111111211221112111111211112211211211212112211121111122111111112212212211112111111122211121112111
12121111122121211211111111112121111122121112112111111211121112112111212121112122122121111121212111112
21211112112112211111221111212121221111221111122111212111111121121111211112211211111111221111212111112
12112212212211121122211111211212111222111111211122112111111121221111112211211112211111111211112122221
21211121112211221112112112121122111211211122111111111111111221111211111212111221111111121221111112121
21212212111121211111212111111111211122111112112111112111211211111111112221112111212111212111111111112
11121221111111111111221112111211211112111211222111211222121112221111111112211211211111112221222112111
11122122211111112221121122121212121111212111121111111111111121212111112111111121111111111112211221222
21121111111121221212212111111121211112111212211222111111122211121221111111111112112221121212112112212
11212111221111111112111221121211212111212122222111111211211211121211112121112111121121112212111122112
12111212111112111211112121112122112111121111111112211112122212112111211111111121121211221112121111122
11212212122121211111111111111211221212121122121112111122112112122112111111122122111122221121112112111
12111211211111111212111121211121122111221122121222121122122211211211111121211112111111112211211111121
11112121212121121221111111111211121111121111112111211122111121111121122111211112111111111121212111121
12122121112111111112211111111111211121122121111211221111111111111111122111111111221112121112221111111
11212111211211121212112212111212111121112222111111211211111111111211122212111112112212111112111221211
11111212211111111111112112111212121111112111112111111111121111121221111112121111221121111121221221121
12111121112121212111211111122121111111221211122111211112121221121111112111111212111112111112112111111
11112112111221111111211111112111111122122121111211122111111212111211222111111111211211111221121111111
12211222221111111111211211111112221121122111211111121121121111111222111112211211211111111211111221212
11111111121221112211111121211211112121111221211112111121212122211111112121112122121111221122112211112
11111121212211121211112111221122121112111121121221111111111111212211212122111111122111111111111121111
22222121211111121211212111112122211121221111121111212121112112112112212111111211222112121211211111111
11111221122112212112211111211211212112121111122111111121111112111121112121111111111112111211112211111
22211121112121111111121111111122212111121121112221111111112111112112122112121122121121111121111211111
11211122121111111211111211211221111211111111111112212121212122212121212111121121111112121112121112121
11121211121111111122121121111211212112111212112121112122111112211111111211112122121112111111211121221
21211211121122211111111212121211112111222111121221211111212121121111111112112111112111112211111122121
11122111121111121222112122111111211221211111122111111211121112122111211121211221112211122112121121111
21112221212111111111111112211111112211111111211122111112111221221121111121121112211121111111211111211
11111111121111111211112221111212111221112111112112112111111121112211111211221121112211121111221212111
11222111112112112111111111222121111121211222111112122111211111212111112121112111111211111121111112111
11121112111111112111221121111121112111121211121211111112111212112121112112211221112112211212111121111
11211111111122111111211211221111111211112111121112111112111112112221121211122111111222111221121112111
11222111112212111111211112212221122211211112121111112111112211112222211211121111122111111111111212112
11211111112211222111211111111111122122112111121221212211112112121111111221121111121222111211121212121
11211111211112211111111211111111111111121222111221222122121111121221212122112222221112111112121112111
22111111111121121111112122111111111111111111111211212121111112211112111121211212122211111111121111111
21112112122212112211211221211211211111122111111111112112111122122112212111111211122121111111121112112
11121112212112121111112121122111112222112211111211111211212112112211111111211122212111112111212121211
11111111221212221112211121111211121121121212121111111211211122111211212221111112121112212221111111212
21111111112212121211121112211112111111111211111211111112122211111212221111111112121121212111111111122
11122112111121121121112211121221121111212221122121111111112111111111111112112122211112121111111121111
11111111111112212111111112111111111111211121211112121112221111211122211211122211111111111212111211112
11111211111211211221121211121111111111111121211121221111121112112221111121111111221111211211111112111
11111112111211211111211221111111211122112122111111211112112122221222111111121121211222211212121221112
11211121212121111111122111112111112122221111111112111221111111112111111111122212111221112112121121121
11111211221212111112212111221111111211221111111112211211111112122112212111121111121111111112111211112
21222111111112121211111121211111111111112111211211111111211112121111121121211111112211111111111121211
11121211111122111112111221111111111121222112111111211111121111111111121112112112212112221122211212111
11222122211111122111212112111121121111111121111211211211122121212111221111111221211111112121111111211
22111211111112112211121112112121111212111111222112211111212211121111112211111121111111111121111112111
11212121122112211221122211211111211211122112112121121111211221121112211111212111121111121211122121211
12221222111211122111111112222112211122121111121221122212211211121212122111221122121111111211121211112
21111111212111111211221111111211111111112221112111121111112122111121122111121112211111111112211221121
11111111211112111111212112211111121111211111111111111221112212122112121121111112111122121212121111112
12121212211121122111222112111111112122112111112111212111121211111211111211111111212111212111112212121
11111211122221121112221112211211111212111211211111211212222221111112211211121212112211211112211111112
11211111111112221111111121122111211112111111121122121121211111112211212112111121211121111111111112111
