11211211111122121111112211111111111121121212211112212111111112111121112111112111111122121111112112112
11211111111121111111112111221122111111112211111111112111121111221112121222211111112122111111111122121
21111111112211211211112111111222121111211111111122212212211111211111211112212221111111112121121112112
21112211211211121111122112111111111111111111122112111111111211111221111222111111122121111211111111211
12111121122121111212121111122221211111111112111121211112222112111221111212222221111112112122112111111
11111212212122222121211111112121111111112111111122211121112111121111111111112111221222111211111112111
11111111112111112121211221112112121221111211211111111211111211122111221212221112111111221211111111111
11111112111112111111111111221121111111122211111121121111112111221111212111111111111112111111111112111
21112111221121222212211112112122112111112121111121121121111111112121111211221111211211211211121111221
11111211112211211121112111121211111111111211111211211111111111111111111121121111212111211211121112211
11211111112212211221111111112121111111111112121221111111121121111112111122112111221122122121112111111
21211111111112211111111111111112111211112121121112111211111111222111211111111121212122111222111112212
12222112111122112122121112221221111112111211111111112112111222112111112112111111121111111111112221212
21121222121212111121121121222121221112112211212121122112111121211121122111111111211212111211111111211
11122111111212112211111111111111121122112121211111212212211112221121121122121111112211222111221111111
12212121212121111122211111111211111111212211122221112121111111111212111211112121111121211111211121111
12112221111112211111111122111211221211121221111211111122111121211112111211211211211111111112111111121
11211122121111112122111111122111122121121111112111111212111211221111112211221111121121111221121111111
12111121122111121122221211111122111211121121121121212221222112211122111211112112211111211222222222211
11121211211111111121211111112112121121111111111111211121111212121112111111111112121212112111111111111
11212112112111111112121222111212121111111121121211121122111211112211111112111211121212112211112111111
21221211222212211211111211111121221121112121111121111112121211222111212221111212111111112112121221222
12112222111211211211211121112112122111111111212211111111111111111211211211221212121111121221111211211
12111111111111211211212112112112111112222121112111211211111112121211111211111112111111122212111121111
12211111211211111222121121111111212112211112112111111111112122112111121121111112112221221121221112121
11111122212111211121111121111122112111221211211212112122112211121111121221111111111111211211211212112
11111111111111121122121121211111211111122111112211221111111222221122122212121122221111111111212121122
11111211111111111121111111112221112211111111111111112211111121111211212211111111111221112111111112211
11112112212121112121111212221211121111111111111212112111112111211121111112111121221111212122111211211
11111212121212111111122111121111212121111121112121212111211122211112211211211111221111221112112111111
11121221212211121111211111211221121111111111111111222112111112122112111111112121211112212111111121121
21222211221121122111122111111111112211122212111111111111112211211111111212211111211111111111121111111
22211122121112112121111111111211111111121121211111121121121122121121111221121212111211111112122121111
12111121111112111221111112112121111111221222111111211111221121221212111121112112211111112121212112211
11221221112212112212121212211112212112211111121112111111211212221112222111111211121212111212112111211
11211211111111112111121221211111111211121111111212111211121211121221111111211211221112212111111112212
11211111121121121121211111112111121211211221121211112111211111212111222112221212121221111122111111111
11121212211111212111221112111121122111212111121111121111112121121111111222111122212121221212121111121
11111112211211111111211111121211122112112212121111111111122122121111111122111121121111111111111121121
11121121121112212121111212112111111112111121111111111111212112112221111122222111221221111212211111111
21211111121112111212112112211112121111112212211211211211112111122111121121111121112111112121211221111
21112211122121112211121121111211112222111121121112112111112211111112111112221211111122111221112211221
12112111211211111121111121121121121122111121111212111111222211111111121211221111212111211111112211111
11121212111111111211211121121211222121222111221221111111111121111211111122111221111121111111112111212
11111111221111211111111222212211211111121111211111112211121211111122111111121121221222211121221112121
12112111112111211111112111112111121211112111212122112212111211111121111111111121212211121112122212112
22112111111111211111212111211211111111122211111122212111211212111211111111111211111111111211122122121
21111111111211111212121111111112112221121121111121112111112111112111111211112221112111211111111211121
11221111111211111111121121211111211112212122112122111121111111111121122121112112112121111211221111211
11112111211222221112111121122121121212122111121121211112111111112111121221121211111211212212222111112
21222211112112122111211111112122121121211111112211111211211122121221111212112111112122122111112121212
11121111121111212112211221121211211221111121121112111111111111112212112212111121111111211111212121111
11121111211121111121211112111112122221112121122111121111212112112122122212111212121122111112121111111
21221121112111111111122112111121211111112111121121111221221221111112211111221111112111112111111211111
11111111111111111212111111221121121111112111211121121112211122122111112111111121121112121111111111222
21121111121211111121112111111211111211112211211212111111211112211111111111121111111121211111121121212
11112111211111111111111111112111122111121112121112111111121221111112121111112111211211112111122111121
11111111111121111111121212122111121222211121121111121111112211121111121222121112112221111211212111221
21111121211211121112212111222111211111121221121122112111211211121112111112111211121121111111211111111
11211121111212211111211111111121121112111111211111111211111112112111111212121111221111212112112212112
11111111111211121212121121211112111112111212111121221221221111211122111121111221111111111121121112121
22221122211111211112111121122211111111211121111121112212121111121111111211221112121122111121111122111
11112111111121111211211212222112121211211122111211221111112121211121112211221121111211111112211111111
11212112221111221111212121111211111221112111212122211221111111111211112111112111121212112111111111112
21112111111211111112111211212111111121211112111212121121111211111121121112111211111221111112111111112
21112211111111111221212121111111121111112111211222121212111111212121112221211211211211212111111111121
11112211111112121111112211121121211121211221111112112211221211111122112121121121111211111111111221111
11221111111112121212111121221111111212111111221211111211121111212211211211121221221221121122111111212
22111221112121121112111121111111112211121111212112211211111121111111211111211111111111121111121211111
12211211211112111221112212122122111121222112112121211111211111112222211211121222112111122112121122112
21211121111222121112212221121112212122112111111121121111111111121121222112111111211221111212121211121
12122122112122112121112111211211212111111112111212111121221122111221121112211122111111111121111121111
21221211211111121112112112211122111111111112211111112112111111211111111121121221121111211211211111221
21112122111122112122211212111112221122121112121111211111221122121112112121111112121121211212211122111
22121211212121112211222211111212111221111111111121111121112211212111111112121111121111121222121212121
11211212111111221111221211211112112121122112111111121111112222112221111111111122111212111111221111211
12121112211221211121121112122122211212211111112121112221112112121121111121111112121211111112111112111
22111111122111111111111121112111122121112212122121111212112111111211121212111111111111112111211122121
11221221221211111211212111122111221211112111111111111121221211111221111111212112112211112121111111212
21221111111111111112111111221111212212121112211111111221111111212212211111212221211111111121121122112
12222211111111211111112112111112111112211121221221111111111111121111211111121111211111122111122111121
11112221121111211121111211111121211111212112111121212111111211111121122112211212121111222111212112211
12112111112111121211112122111211111111122111111111121212112122111211111111121212112211211111221111211
11112112211211111121221212112111111112112121221211111111211112112111121111111211122211112111122121212
11112112211111211111111111111121112221121121221111122112211111211221121111211111111111212121112211122
21112221211122111111111111112111111211222212111111111211111221122111121121121211221111211112111111111
12221112111122112121111111121111111111112121111112111111111121211111121122111112111211221111222121121
11211211212121112112212111111111122111111121122111111222122121211112111212112211221111221121121111111
11221212111111121121111111111121121211211212111121222112112211111111221112111221111211211212211212221
12111122111222121211221111212112211111121111112121111211221111111111111211111211222112112111111122111
21111121112111112212121121222121111111122112121122111121112212111112111121122211111111121211122111121
12111121121112211111111221121111221112211211212111212112111121221111111121112111111211121111111112212
11211111121211121112121212121211111112211211121122121221112211111111121211111221111111211121112111221
21211212121121111221121112111121111111121221121112112112111211111111122111211112121121211111111111122
12112111212111212111112211112121111111121122111212111221221211111111112121221111221121111112111121121
11221211211211121122111111222111111111111111111112112221112112121112112111111121121221111112112211111
12111212112112111211111211121111111121112111111211122122111211112111111212111111222111112111211112112
11212121121111112211111121211212222221122121112121121122121212112111122111111211111112212111111111111
11111211111111121111111121211121221211122112212111112122111121211211121111121111212221211121112221122
11221112212122111221112111112121111122112112112211212112121112121121111122121112121121111212111121111
21211112111111111112111212111212111111112111211211122111212122121122121121112121111111211122112111112
