22121212121211112111121222211111111111121111112121112111122111221111111112121112112111111111112112111
12111121212112112112212111111121212221211121111221121112111111112112111121112112111112121211211221121
11112112221111122111121112211112111111111111212121221221211111112212111221121111112111111112212112111
11112211111221111121111211222221222111111111111211112122121112121211121111121112211111111112112121121
11112122212112211111212211221122211212111112112112212211111211111211112211111221211211121111111212112
21121111122212211121212111111121211112222111121211112211221121111111111211111111111112112111111111111
11112111121111111212121122211111211121111211121111111112111211121221111112221111222221111111111211211
11111121111121112112212111121121111111111111111111122121111111122211111111211211221111111112121112122
21111211112112112112111112111212211121221121111111111111111111112121111121111111111111111212211112111
21211211121122122111111122112211112112122211111121112112111112211112121111112222111121212111121121112
21112112122121111111221112111121121212112211221111112222111121111111111211121122111121111111211121111
11112121112112122112211112221111212221111122121212111122211112112212111111211221122121211111211121112
11111212121211111221121211221211122111121122211221121111111112122111111211111112111112111111212112121
11211211212212111122112212112121111111111211112212212212211122211112212121112121211121121211111111211
11111111121111112222121111222121112212211111111111121121122211122111212121121121212211221122111111111
12121122121112211111111122111111112111111211111111212221121112112112212122111212111112121211111122111
21211112221111111111221111211111111111121111211111111121122212111111112211211221111211111212211211112
11121122121111111111211112112111111121111121111112211122211212121112111121211112111111121211221222221
11111112111212121111111112111121112221211111112122111111122121211121122212111121121121111112112111111
11121111121111211111111111111112212211111121122111211111111122121121111211221111112221121112111221111
22112111121111121211212211122111121211221121211211112211111211121122211212111211112121111112111111221
12121112111111121112111121221111111111211111111112112121111111212111221211222121121112112122121111122
22121111111122111211211111111121111121111111212111211212111112211211211111121112111212121121121211122
22212111112111211112111121121111112122221121222121112111111121121111111112122111111212211111111121221
11121121221221112112111111111111121122111112211122121222111111122121112221212111222121111112221211111
22211111111211211211112121211111111111111111112212121211111212111111211111211111211211111122211111212
11121112212221112121111122111121111222111111212211211111121111212122121112121111111111211121121111211
11222121111121121122112111111111211111112122111111122221221111121221121111111121212212111111111112121
12111111211212111112212122111121122211222111111111211211111111122122121111121122211112122111111112212
12122111221121121222112221111111111211211222222122211112111121212111111111211122121111121112112212121
12211111112121121121212112111111112121211221211112122112111221111121222121112112111111111111112212211
21121111121111211112121111111211121121111211221111111111111112212212212122121222112121211121121121112
11112122111112121111112121211121221122111111122121111112122122121112111111112111112111111221122121112
11111111111211211211111111211122121122121121111121111111111212211111122111111122211122111112121121211
12112111122122211112212112111111211221111121211121111111121221112111121112111211122211111121222111211
22122211111211211112121112221111212112222111111211211112211111111111121212111111111211211111112221222
12111221211211221121111211211112212221121212111111111212111111112122122121111211111112211221112221212
11221111122211112112221121112111111111111112212111222111111112112111212111121222212121112211122121111
12111121111111111111111121111112121211111211111121222111211111112112111211221111222211211211111111121
12111112221122111121211111211111112222111211111211112112111112112112111111121112111212112111211211111
21111111121211111111211111122112211121122111212111211111112111121211121111212111112111122211122112111
12211221111221122121111112121221211211111121112211121121112111112121111222121212221221121111111112121
11211211222112121221221111121122111122111112111112111211111111121121121111211211111121221121121111212
21211122111211221212221121222121222221211211121111122212122211111121121112121121111111111111112121121
11121121222111211222111111112112111112111212121112112211112111122112111121121111111121121222112111112
11121111121121111111112211121222121111221111112121111121221211212111111112222211121111211211111111121
11212112121212211121112121222112111111111121122211122211211112122221111111212212111211222112121111211
12111111111212222112211211112112121112212112111222111121111111121122211111111121211211121211211121121
11212112111111121112211111121221111111111211212112111111121111211211112211111112122111122112111211212
11111122221112111112211212111111111122111211212111111211121111112211122111111211121111211211112121121
11211111112111211122122111112211111111221111111111221111111111121111211212221111111112121211121212111
11111111122121111211111111121111121211221211111212112112212111111111121211112121111112111112111122112
11221111211221111211121111111222221211122122121122121121121111111122121221122221212111211121112111211
12211112211111121121121211121111111112121111211121112111221121121122121121121121111212112122211211121
11122211211111211221211111112122121121211111122121222111111111211111111111111121111212121211112112121
11121211111111111211111111111111111112212121121111111211111212122212111121211111112111222211111122122
21121111111121122121111121121112111111212212112112211112111111221121121121121111111212112111112111112
11121212121211112211121111111121112111112112112122212111211121211112121211211211111111212121111121111
11121121121212121122211121111111121111111112222211112111211122211121111221121112111211121121121111111
11121111222112121211121111211121121121111111111211111112221121121211111112111121111111121122122111111
11112211111221112121211212121111211121112111121111111212121111121221211212222112111112112111111121121
11212121211111111212111111211111211221211111111111121212111112112111111221121121112121111111121221111
12111111221221221121121221211221111111121111111111121221221121211111211211221211211212122212111211111
11112112111111111212121112211111121111211211221111111112111112111111112121112112111221221111122121222
12111212111122221111111212111211112111112211211112111111211111222221222211211221122111111122121211112
12112122111112111121212122111212111111221121111112111212111121112212211121112112211112212212111122211
11111211111112221111211211111221112211111111111221222212121112121111111111111212211112111211111112121
11121111211211212121212111211112212122111122111112111211112121211121122112111122122211112111211111112
11111112211111211121221222111111112111121222112121111221221211221111111111122112221121121111111111222
12221112111211121111211112111112211111212111221111111112111111121111111121211112111112121211111221111
12211122112211112221211111112111211111211121121111211212112212221221211111121221211112111121222111111
11111211122111112121111212211111221212112111211111111111111211112111111111211111111121111111111121111
11211212221111121221222111111111221111211211221111121111122122111221211122211122221222111211211121211
11221112221112111122121111211112211111121111111112111222211112121211111111112211112111111112212111121
11121112121211221211212211212121112211211121112121112112122111112112222211211212122111221112112212121
11122111221112211211121211221221111221212211112122111112111111112111221111112122211221121211122211211
21112111121112221111211121112112112121112121221121221111112121212112121121211211111121122121111111122
11112111212222111211211111211122112112112211111112121111111211121221121121111112111112111211211111111
11221111121122111112211211111221121121111111221221111111111111111121111211111212121121212111111111112
11112112111111122212111111111211112111112111121121211121111121121112221121121111121122122111111212121
12122111121221112111121122111212211112111111112111121111212111211111211121121221112111121112211122112
11212211212121111121211111112122112112211222121111122111122212112111121111112122112112111111121112111
21111221211111121211222121221211212121121111111111211121111221111122211111111211112221211111111122212
21121211221111121211111121212122111111112111212111122111112112121211111112211112111211122112221221121
11112211222112121121122112111211211112211111111211121112121221212112111121222121111121211112121121122
11122112111111211112211111221122212122111112211211112111111111111112111111211111211111111211211121211
11211111121111111122211211111111112111111111121211111111111111111112121111111111221211122111121112212
11111111211121121121221111221112211111121121212211121112122121111111122111111211111111111122211122211
11111111111112112211211112112121221112111111222111111111111111212111121111112111111211121121121121111
11112121221111222221111111111211212121112211111211121121211111111222211112122221211221111121121111222
21121211121121111111112111111111212212112121111211112112121212122211121211211122112122212212211121111
21111111111122212111211211211122122111121111111111121112111212211111122111211211121212121212121212211
11112221111211112121111221111221221121112112121111111221111211211122111121212111121121112111211111121
21111111112111122121212111212111111111111211121111122121112111111111122212121211121121112211121111111
21112222111111111111111212111122121112211111111111111112111121112211112111112111121111211112121121112
11111111122111221211112212111111112211211112211121122211111111112211211211121111211121212211112112111
12211111121111221111211111121211111221212112111121111112211121111111111111121112111121111111111121112
21122122121122111222111122112112222111211211212112112111112121221111211212121122211211112221122111211
11121211112121122122111211211121111122121112111111122111112111221121211211211221111211211211111112121
11111111212111211112122121221121222121122112222112112111112112211221121111111112121111111111111111211
11122221122112212111111211121112121121112212112211112211121112112211121211121111111111112111111111111
