11122121121111121112211111212111111111111122111211111211121111111112112121221121121111112121211121212
11221111111122121111112111112111111111111112111112112211222121111211211211211111111211211121111121121
11111111111112211112111111121211111211121121111111121121211212121122121112111111111111111111211112111
11121212112111211111211121211111121121111111121211121121111212211111122121121211112111111121211212111
11112121212112111212121212111111111111111121211112111111121112111121111121122121212111211211111121112
21211122122212121212212111211112211111111222121222111222112112112212121121121121112121112111222212112
21121211111111111111221121121111111111111111211212111112111211112222112222122111111121111221111121221
22221112211211111121111112211111121211112211111211121112221211221112211111111111111221121221111111111
11121112111112211212111121121121112121111212222221112121112111111111111211112112121112221111111121212
21111221211122112111111211111211111211212121111111111221112121111211111121121121111121111112121212112
21221111111211211211121112111111211111211222111111212212211222122111111111212212121122222211212121121
22212111111111212111222112122122111211111211111122211111222111111121112121111211111121111121121121121
11211211112212212211211222111111222111111111221112111121111212112122212212211211121211111111111211121
12111121112112211121111111111111121112121211111121212111211122112111111111211122122111122122211111111
21211111111212211111111221112112111212111111111112111112121121121111221121111121121212111122112212212
11221111111111112221111111112111111211212112122111111211122112112111111111112111111121111212122111211
11121121122121111111121221121112212212111111112212111111212111111111112121212111221221121111111121111
11111221111111121122221122211112112121111212122111121221122222111211211121221211121111111111112212111
12121211211121111211211121112111212111111121211112111111211121121111121112111221221112121121111221211
11111112111211221221211111111111121111111211111112112121111112221121112211112111111111111112211111112
11112112111121111221211111111211121121211122212211111211112111111111211112122111222211111122111221111
21211211112111221112211112111112112111121111121112112111112111111111211111111121221122121212111211212
21111112211111111121122221112111111221111111112122121222112112222111111122221211111121121121221121112
12212212211112211221121111121111111111111121112111111121111121111211121112122122211111111122122221211
21111212111112112211211111111112111111112122112111222121111122111111112211121111121121211111121111221
12121111121212112111111121211112111212111111211111211211211121111112111122111111212121111111111121111
12121111111111111121121211111211121212112211111211111221111211121121111211211111111112221112211112211
21211211112222121111211211111211112211211111111212112211212221211111112211212111211111112111211211122
11112121121212121111111111222121122111122121121121222121212111121122211111111211122111121121122111112
11111121112111112211111112121212121121112212211111121211111111111111111111111111212211121112211212111
22211211121111112111221222211212111121121111121212111121111111211211121122121111112112121211122121111
12112112211112121111111111112221211221212111121112111121111111111212111212122211121121212111111211221
12211121111111111122211211111122122112112212111211111112212121121212121211111211111122121211111111112
21121112211211211111212111121112111111221122111211221111111111111112111121111111211211222222121122121
12111112111121111112112121111111111211221112111121212121111112111121211121111111211111112111211111121
21121211121212111112111122211112111221112121111121121211211112111111122212122121111122111111211122112
11122111211112121111111212212111221121122121221221111111111112212112111122222111211111111211111111112
22211111221112112111121111111121121111111112121111221111212112121221221111111211111111211111112111111
11112121111221121112111111212111112111211111212111112111221122111211111111111111122111121111222222111
11222112121111111211221121211211221111111112111121111111112212111111111111111112111111211211111121212
22111121111121121211111212211111121111212111111112112111111211112211122211221111211121211111111211111
11221221112211111121111221111211111211121211211111121121121121221211111112111121111112121111111211111
22111122212111111211112122111112121211211212121211111121121111212111111121112111111111121111121221212
11212112211112121111111111121122211122111222111121111211112221211112221111211211122211211212121211111
11122111121211111121111211111111121111111111221111112121111121122111111111112112111112222122111111211
11112221121111221111122211121122111111112211111111111211111112112222121211121111211112121111212111111
21111112112111112122111112122222111211221111111112111112111211111211112221222211211212211111122121111
12112121121221211111111112211212211111221111122211111111121121211111112111112111212111121221111221211
12222222122111111111111111112111211111111112111111111122121212112111121111211112121121121111121111211
21111112111111111111121112221111121222111121121111112112111111111122211111221121221111111111221111112
11112111111111112122111211212111111111112111111111221222212111111111122111111121111111111112111121111
11111221111221112112111221221121121112111211121211211111112121111211112221211121111111111222212212112
12121111111112121211111121111221112222111221121111112122211111112111211111211111211221122111112211211
11111211121211112112112112112211121112112211121111111121212111211212122111111211222121122111111111111
21121121211211122211121111112112111112111111112122111121122212111122211111212111212211121111111121112
11212211221112221111111111112211111111122111122211111221111221112211112111112221221221121111221211111
21121111211112111112122112111212111212212112111111212111111111121211112211212111111212111111111112112
11111211112111121122121111122111121112121221111222222121112111121222111211122121211221111111212211112
21211211111121111121122111211211112212121112111112112211221121112212111111111222111122121212212112211
21121212111122112211212211211121112211111121111111111122111121211222111211111211111211111111111112221
12111121121211121211211112211111112121121111212111111111111211112111211121122111121211111221111111121
12122112221111112111111221211221112111111221111221212211111121112221221121211121211121212121211111111
11112111111212112111111212111122112111122212121121121122111121111122111122221111211111112111121211122
11211211212111111211122111211121211111111212211221111212111222111211211221111111112112121211212111111
11121211211111222111111112212212121111112212111112111221211112211111121221211211111112111211111111222
22211211121111122112111121211121211222121121111121121111112111212111111212122111212121211111211222112
11111111121112122212111112112121211111121112122121111121211111112112111111122112111111111222111111111
21112121211111211121111111211212211111111212122111112221111112111111121111121111211111222211122121212
12111111122112121121111211121212112111212112112112211221121121211112111221212121111211221121112121211
11112112221111111211121211111112221211212121121111111111111112121111112111122121121111111211112111112
12212112121112122111112112112221211111111111111111111211112211112111111111112212111121112111111211111
21112211112121111111111211111111211111221121111111121111121122111111212112211211121121211111121111221
11221112212111121111121111121112121111111111211122121121111111221122111111111111112112111212111111212
22111221112111221112111111122111211112112111112212121111112111211111111112211211112111111111111212122
11221112111211112212111111122121111111121112122111121111111112112111112121221112121211222112111111121
12121111211121221111222211111121111112111111111111211211111222112211121111122222111221111211211111121
11211111121111122212211111111211111212111121211111221122121212121111211111122112112111111112112111111
12121112211112211121112122122111111211111112111221112112211121121212121111122212112211111111211111211
12212121121121111111112211112111112121111111211111121111112211121221111111211111221111111111112121111
12111111111212111121111111211122121212111122111112111111112122112121111111211211111211112121222122211
21211122121212112221121112111211111212111221212121211111111121112112111212111122111112111112222111112
12121111112222211112111221112121111221212221111111121121212211211111212111111211112112221211111211111
11212111212121112211111211112121122211111112121212221112111111121111121111112111112121112111112122112
12121211111212122111211111111211212211221211212111112111121211221112211211122212212111221111211212112
21112112111122121221121212111121112211121112122212111111221221111112111221121111112211212112212121112
12121111211212112112121111222111212122212221221111111111112122111122111112211121111112211111111211111
22121122112122121221111112211112121111221111121121112221212112111212121211111212211111112112212211211
11212111112211111121111222121111221111111212112122111121112112112121121122111111111112121112121122211
11111111212111111111121111121111211112212121112111212221211112212211121112111211212211211122122111111
22212211111121121212211112121111212111211111111111111121111111111112112111122121111111111212121211112
11112111111111111111112222121111112112211112212221112111121111112111121111122111112111111211111112111
12211111121211221111111121121121221211121112111112111111212111111221112211211111122111111111111221211
22221112211121212112111111121111112211212111212212122222112111121121111112111221111111122211112112221
11111111111121122211211121111111112212121221121121111211211211121222111211221112211122211111112112111
12121111211221111112111111112111111211212111111112122121212111122111121111111211111221212112212211211
21111111111211122221121211211112211211222111111111111122121121111111221111111111121211111112111111211
11112212121111111212112111211111111111112111112112111111111121121211121211111111121221111121222112212
11222112211122111211212112111121112122112211112212221111111111211121111111221121221221111111211111212
11122211112122111121221212121211221221221112211111112211112212121211221212112112211211111121111212111
11211112111111111111111211111112111111112211112112211111121112112121111112211112111211111121122221212
12212122121111111112211111211212112112121112111112112212211221111112111122112122112111121111121111121
