22111112111112121211121212111211221211211211111111111111111212111112121111112212211112121112112111111
11121121111121111212121112111212222111111112212121111111111112121122211112111121112122111111212111122
12111212112222211212111111121221112112111112122222112211111112111111111111111111111111111111122121121
11212111211211122212221111112111212121211112111112111111111111121211111221222111111111112111121112212
21221111111111212111112211112122111112112111112111112111121112222211222111111111221111112122221111121
11121112211212111211122211211111112111111111111111121112111121211111111111112111122111221111111112221
21221121211211122121111211111121212111221122112121111211212112122211112211111111121121121111221212111
22121111111111221211121211121112121111111211211111122111111221111212222111121121121112222221221112211
12211112122111112112212121221111111221212221211111221111112112112111112111111221211122111122122212221
12111111111211212111111121112111111111211112211121111111112212212121211121111211111212111111111112111
11121121212111222121121111111212211112112112121111111122211112122111111221221111121212111111211212121
21222111111111111111212212122121112121111121111122212111111211211111122112122121211211121211111211211
11111111211112111112111112211121111111211112112111111222112111111112121221212111121212111111121121112
11111221222111212121111121111211111112211111211222112111211121111221111111112111211211111221211111221
22121121111211111112121111111121222111121112122111211111121112111122121121112112121111112111211111121
11121111121112122121212211111211221212212111112212111112111112221112112111111212112111221111121211112
21111121112211111112211121111111111121111111111111111111121211211111211221221111111112211222111111211
11212111111111111211211121212211112112221211122221211111111111112121111222111211221111112112112221111
11112111111121111111121122121211121212112211112222121121111111221112112111211112111121111121111211121
12111211121211122122111121122121121212211111211111212112212211212111112212112111112112212112111211112
22122111121111111111111211112212111111211121112111122112121111121111111112211111112112111112211212111
11211211212112122112112111121221111111111111211121121112211112111111112112122212112112121111121112111
11221221121111112111222111111112121212111112212122111121111211211211211221211211112211112211122111121
12111121211121111111111121112211121112122112111211111112112211211222112122111212122212121111111211111
11112221211111111112111112111221112221111111111211121212112121212111112111211212211211211111121122111
12111111122111211111221121121112211111221211122222111121222112112112121221222121211112211211121111111
11211121212111111212121111122112111112111112111111111221111221111112112111112221212121121111112222121
12111111112112121212112211111112111111211111211111112111121111112212111111112111222111212111111112112
11121121212111221121111111111111122211211111111112121221121111111121211211112111121211121111111111112
11121111111111111111111111111112212211221111112211221121111122212211221111112211221112111211121111111
12121111211211112122111111111112111221112121211212211111111211122111111111212111111221211111111121212
11111111121221122111111111112112111121221122212122222112211122212111111111111121111112111122111211111
11211212111111211111211211122212221112111111122121111111211111221111211211111211121111111121111112121
11121211111111111112111121111211211112112212212111111111121221211222111111111112122111111222221211111
11112121121121222112121211211111212211111122112222111112211111122211211111211112111221111112111121111
11112112111211111111211112112221211221122122121111212212222222121221112212111112211111111111121111221
11121111111211111111221211111211112111112212221211112112111212111122111111112111121211121221111212212
11211111211121222222111111111111111111112121112111112111122221111211212111121111111111111112111212112
21112211111112111121111112111111111212121222211111121121211111121111121111211112211112111121111121111
11121221212221221111212111112222112112111111121112111111211111112111211121222111121112111222121221222
21111122121112121112112112211112221211112122111121121111111111121112121221112212221111112111121111111
11122112111122111111111112211111111121111111211112121111221221111111111111111121211111111112112111111
22112111211121121111112121111111112121111111122221112111112121111111111111121112111212122111111112111
11122111111121121112221211111112111111111121121112111111111121111111212111121111121111211121111111121
22111111212111121112121111122121121221211111211121121111121121111112111112212211212121111121111121111
12111112112112122211111111211111121111112111111112221121111221111221112211221121111121111122111111111
11211112112112121221111112111111212212111221112212111112121112211112111111111111121121112211111121111
11121212111111111211112121211211222111111111121121121111211121112211222111121111221111221222111212111
21111111111211211121212211111122212211221121111112112211112111211112121111121111121111111112111221121
21211111211222211111121112111212111222111111111211111121211111111221211121111112121211112122221212211
21211211121211111211111111211111111111111121111121111222222111111211211211211112112212121111122111221
21112111112111211112211211122111111221121212222112221112121111121212211111221221121212221122111111111
12211121211111111221111111112121111111121111111222211111121212111111111111111112111112111221111222112
11111211111121211211111122112111111112121212111121111121212121121211221111111221111122211121221111211
11111221222111122112111111112211121112111212111111111111211111111111212222221211111211112111111221211
11122211111111112121211211112111121111212112111112111222122211111111211211111112121121111211211121121
21111212111221111111211111211111121112121122111111211121121112121111111121111222222111112112122121111
11111112111211112222121112111111211221112112111121122121112112212111221221111121111111211111112121212
11111221111111121121211222121111112211111111212111111111112212212112111111111111121121222121211122112
11211112112111111121122211111112211221111111112211112211111221122111112111122211111211111111112112211
12111111212111221111211111111111111111111221112211211112112121112121221212111121121212111222112121111
22111111112122122121211211111111111111121111111221212121121211111122211222111211212211121111111111112
21211111111122111111111222211211111211111211111211221211121111111111211111121121111111112111211111111
11111111112112122122111122212112121122111121111211112112111112111111212122121111211211221111112112111
11121112111211111111111121111111211121112121122111211121122111121111121111212121111111111111112221112
12112111111122121211121112111221221121112121112112122111112221221121111221222112111111211211111111221
12221111121111121111111122112111211121122111222111211111111111111121111121121211122211111122122211121
21212121211211211111112212111111121111122111111111112111211111112111111121111211111111112111212211212
21212122121111111212111221111221111122211212111212112111111222112111111112211221111111222221222212212
21111221112121221211112121112212121111111211211211121212111112112211112211211221212221211211111122112
11111122111211211111212221121111112111112121111211111112112111121211221212211121122121111112111121111
11121112211122121111121212112111212212212121211222111112121211112121121221111212111111221212211111211
22211112111212121111211111221111111111221221111112112121121211212111111111211111121121111112111112111
21111112211122211111111212111121212111111111121112111112111221112211221111111121111112211111112211111
11111121111221111112212112121112112121212112111121212111111112111111211122112211112121112211122222122
11212221111212111111111121111111121112211112121111111211211121112221112211111212111121211212221112121
11221121221111111121112112212111111211112211111111112111111111211111122111112121111121111121111211212
21211112112222221112111111211111111211211111111111221211111121112112211211121121122211221221121112121
11122112112111211122122111112212111111112112111111112212121112111111122111121112111112111111122121222
12111111111111112121211112211111121211112211112111112121111121121121211212111121221211211221122111111
11112111111212221211111111121121112121121122121121111212222211211111112221211111112211211121211222211
12121111212111212111211211211221111121111121111221111112121121211111211111121112121121122211111121121
12112211122211222122121211111211111111112112121111112112211111111211121121111111111111112111121212211
21211111111111121221112121112221121111221111111212121211211212111112112111111111222112211212122111111
11121112111121111122111211111111221111121222211111211212211112111221211111211221121121121211111221111
21211211211211121111222121121111221221221111111111211111211212111111121121111112111111121111111112222
12212122112111112111221112111111212111121111121121121212111211212111111121111112111111211111211212111
11111211122121121211211111212122112111111121221111111211111112111112112211112121212111212211211121111
21111111111121212121122112111211121211121121221111121211211112211112111121211111221111111222211112121
12211222111111211112211111112111111112112111121121111211112221111121112121211122121112211111111212111
11121112221211212111221111211121112121111122121121211111111121111111212121212112111112211122121211211
12121112111122221211121111211211112111112122222212111121111121121212211111111112112112112212222121211
11212112211111112121111111111211211112112121211212111112211111111111111112211111221211121111111211211
12112111111111111211211221221112111111121121212111111211121111121111121111121211221221211111211112221
12111111112112122112211111211211111121112111121121111212111111212211111111111211122121122111221211112
11211111111211111111211111111112112111221221111212211121111121121122111121222111212111121121111222121
11121222111112121111111111111211221112211222111112212111122211212212121212211221122111122211121111111
11121211211112121111212212121111111212122111111112221121221122121122121111211211121121121112211121212
12222111121111111112121111221111122111111111111111111121211112121111112111122111111211121112111221222
11112212122221121212222111122121111112121122111222112211111221121121222121121211212211121111112211111
12211111211111121211212111211112212211111112111121221122211112111211111111112121111112111221112111221
