11211121112121121111122211222111212111111221121111111222221212121121121221111121111112111121111121122
21121211111211111121121121111211221111221111211111111111111111112112211212211111112122211111111111111
12122122111112111211221111221212121121211112211111111221221111111212111211211111111111111111111222111
12111112222111111211111221111111212121111211122121122111221121121112121221211212121111211212212111111
11221112221121212111111111221121112111221121112122212212112212111122111112111112221111112121221111111
11212111121222221111111112111111111112122111211212112121122111111122111111111111211112111221112211112
11121112121212112111111112211111222112122111221121122121111112211211211111111111221121221111221212111
11122111212221111222112211111111111222112122211211111121211211112121111121221121111112112111112211111
21111211112121111121111121111121111111211211111111122112111111112121211112211211121212112112212212121
11111211222111211112122121211121111111121211111111211112111121111211221212112111121122111211121211112
11111112112111111122121111121211111122111221121121211112212111211221111211112211121111111211212112121
21211111111222121111111211111112211211221112111212111212111111121112211211112121111112212112211221211
21121111211111211111111122121111211122111122211111111211111211111211111111222121111121221211211212122
12111122111112111111111221111121211221112211111112111121122111211121122212112111121111111211112212111
21111112121112212111111112111111111211211111111221212112112111211212111111111111111211211112111221111
21111121111111111111211212122111112111112111122112211221111111122111211211121121112111212111111121211
12221211111122221212212122121212111211211222111121111121112111111111121111222211211212121211111212111
12112221211111211111211111121212121112111211211111121111121112111111121211212111111212212111112121111
11221111122111111111122111111121211211111221112121112211121211112111121111111121122121111122222211111
21111211121211111111111212111112111111122211112111111112122112121112111111111221111211112111211111212
21121121112111111211112212212212111112111111211121111111121211211111111122112121211221221112211122211
11111112212111111111121211211211211122111111112211112211221111211112111212121112112111111111212112112
11221211112111221111112121211111112212111121111111222211211212111121121111221111121121222211111211111
11111111112211221222212111112211112212122111222112111121212111222111111111211211111121111212112111122
11111121221122212112111111111212111112111111212111111112112111112111122211111121122112111111111212111
11121112112121221112111122121211111111121111111111221121211112111221111121121221112112112211221112121
11111222112121121221111221122111212121112111111122111211211111122212211121211212111121112211212211221
11121111111212112111111111111111111112221221212122111121111121111211111212111111121111111111111211212
22211112112111111121112122221121111121121111221211122111112211222111111122221211112112111111111222121
11212211111111212112211211121112111211212221111112221222111121111111211111221221121112121121221111122
12221221111211112212111111221122112111121112112211122111112111121211221122111212121212212121212112211
11112111122121212221211211112112211111111112212212111121111211121111111211111112112111211121112121211
21111112111212211112121122211121112111121112112211111222112211211111111221111211122212121221111212121
21121221111111211111111111111212221111211111211112111211112111111212121111211112121221122112221111121
12111111211221211111112212111121111111121112211121111121111222111121221211112211121211212222211211112
12122211221111211111111211111221211211111111112111211111111211122211122211111111122111221111121111111
12121121212111211121112221111111111212111211111111111121121122121112111121111212111111111111111212222
12211221112211122222121111211211212111122211111111122122111112111221112221112122111212111111211221111
21111111121211111111112211111211211211211212121211211111111121211212222211221122112112111111121111112
12111112112111111211211221111111212122111112111222211111212111111121121121112221112121111122112122111
11111121121111221222122111222112211112211112111111111212112222121111212121121111121211111111111111111
12121111112221211112111211121111211122121222122111111211212111112121121121111111121111121121211211111
12121111211111211211211212111111121111111221112121122111111121211111111121111112112111111111111111111
21111121122111212221122121111122112111221112212122111111121212112111111212211222212221221121211111212
11111121111221111111221111111111212111122211111111121111111111211212221211121211121211211211121111122
11112122111111111112111122122121112111122121222111112221111122111121112212111111112212122111111112111
11111111111211121111111122111112212211111221112111211111111211211111211211121122112111111111212222111
11112121212111111112112111121112222111221111111111111211221122111211121112211111121211211111112111121
21121111112111111111111112112111111211221212111121112111111111211221111221111111122121111111111211111
22121111121112111121112221211111211111121211112111112111211112211112211111111111122111111111111122212
12212111221112121112211111121111111121121121111111111122121212111111111111122111122111211221112111121
11111111111121212221121212112111211111111122211211111211212122111211211121111121122111111111211211112
11112222111112111122212111111112211111111112121121111122112122111112221111111221211121111122211112221
11111111221112111211111111112111111111122112121111112211111111111211111112111121222211121112121211121
11121211211111121121211111111111112121111211121111121221221211111111111112111111121122111212112111211
11111122121111111212121121211221112222111112111111121111222111111211121121212212112221212111111112111
12211221112211221111211122112211111112111211121212112211111212112111111122212222112111211112111121111
11122121221111121122212111121122111221211211122211121111211111212221121112121121211111111112111112111
21111211211122111121112222121111112121212121111111112112211111221111121111112212121211212111221212121
11111121121112212111211112112111122121211111112211211221121112112111121111211221121111111112112111222
21112221211211121211111121221121111111111222111111111212112211111112121212111212211121111121121211111
21221111112121111111212221111111211112111211121112211112211121111111122111111211111211222111222221211
11111112111221111111111112212121211112111221111111211121122211121112111211121211221211122112111112111
22112111211122111121112111112112121221112111111111121121221211221222221122111111111111112112111112121
22111211112111121111111212111211111111111112111112121211111112121111112121121212111111121112112212111
11112122211211112121111122121211211111221111211111221111111112212111211122221112111111212121211121111
12111112121212221212221211122121121211212112211211111112121111122111112111212111111121212212222111111
12121121221211121211112111121121221121111112111222211111112211211112111111111211221111111211111121121
21111212112211112112111212112111111111112111111211121112112112121211221211111111221212111121111211121
11122222122221112111211121121121121212111211111121111211112222121122111111211111121111112211221111112
11211111111112111221121112212111121111211212212111111112111211111121221121111111121111111211112121221
21221121112121211121122212111111121111112211111211111211112211112112112111111121111112111112111122121
12111111112111211122111111112111111212111121212111121112211121111211212111211112111111111112211112111
11221111121111112111121211111111211111112121111111111111112121121112121111121211211221111221111221212
11121121111111111211121211212111122211111112211111122211211122111111112211111111112112111112111111112
22111212112111121111212122221112122212111211222111221121211112211122122122221111122111111121111212221
11111211211212111111122121111112121122211121111111121212111122122111111211221111212112121111211121121
11221122111121112112112111111122111121222111221111211111221211122212121212111112122121212121121111211
21121111111111221121122111111111111112111111112212111221111111111111121212221111121112112112111112112
12111111111111221111111111112121212112222221111111212122111111211211111111112212121112121212212112111
22111211211121121111221211211121111121122111221111112111211221112111112222111211111111212111121211122
11111212111121211211112112111121122112121111221121111121121111221111121111221112112211211212121211211
12111121112122121221112112211111121111221111112111111111211112212111111112111211122111111211211211111
12211112111211112212122111212111211111211112122111111211222111112211212112121112111221112111212111122
21121111121111111112211121112211121111112211221212111211212111112111112212111121211121112112112121121
12111212111121121112211211112111211121211211112121111122111112111212122211112121211121112211211112112
11221211121122112111111112112111211221111111212111122211111121211111121121222111222112211212221111211
12122112111111112111111112211112112111111211112122112121122122111212112112112112121211121211112111112
12211122111211211112111111112121211111111111111112111122111122111211121211221111211111111112211111211
11111111211222121112211111111112111121211111111112111121111111121212121111122211111121221112122111211
11112212211111112111111211121212111121111111212111111111121121212112111111212111122212211111111112121
21111111121112111211221111221211111112111221111211221211121121211121211212211111112112111112111111111
11112211122111211111111111111111111111112112222111111221121111211212222221112111111211112111211122112
21111211112121111221111111122111112211212112121221111111111211122221121111111111221111211122111112121
11121111121211121112112211122112111111111211122222122111111111111112111122211111122221111111111111111
21212121121222111121212211112111212211111111221111111222111112111111111211112111121111122211112111111
12112221121111221121111111221211211112211211211111111212112212111111211111222121211211111112111212122
22122111211121111111121111112211121221212121112111112221211121211111111212111211111211111221111212111
11111111111222112221112222122121111111111122221221111111112212111112111212122121212111111211121221121
11211111111111221111211112111111211121112121111121111121112112211122111122112112222111111112211111121
11221112212121111211222121111211111211121212111111121111211112121111111121221211121221112121211121212
