12212121211212112121211211122111112211121221211112111222121111121121111111211122121111111212221211211
11111111211122121111121112122121111111212111121111121111111111221111111211121111212121211121111221121
21221111211211121111121211211211211112112221111222121211121111111111111112212112121111121221221211121
11111111112212111211121212112112111111111121211211112121111211112111121121111111211111111111211111122
12112112112111211211122211112111111112111122121111211111122212111111121111111111211121111221111111211
21121111212112211121211121112112111122121111211112121112111121221112111212111112211111121112121111122
21122211211112111211121122111112111211211211121221111111121111211112121121211122121112121212211112111
21211111111112111121122211111211112112112211121122111112111212121111212211112122121122111121121211221
21111211111111222111212212112111212112112111111111112212121111211112112211111221111211112212111122112
11111111221121112122111121112111121121111111111211111111112111111121122111111112111211211211121111121
11212121112122221112112211121112111112211111121111221121111112121111112211221221211211212111122121211
11221111122112112111112111111111121122121111211221111122112111211112122212112111212212111121111122211
11211112112111222221111111111111111111211111111112122211112222111211211122111212121112121112112112121
12112111122222111122112212222212211221111211211111211111112122111122211111112211111121111222112111112
11112122211122111222112211111121111111111111111111121211121111111111121211221111111112112121121211211
11111112111111111111211111112112111121111111121111121211111122111112111111121221121121111111211211121
22121122111111111211122111112121111122112112111112121112212111122121121111211111111211111211121211122
11211111112211111121111122122211111111112112211211111121211221111211222211111212112112211121112121112
21121111211112111112112111121111212111211112111122112122112121112112211111111111122122122212122121211
11122111211111121121121121111222121211212111111221111111111111112211211211112121221111121112121112112
11112112112111111121111211222211122121122122212111211121221212212211111111111121121211111111111111212
12111111211121111112211122211212211111111111112111211112121112111112111211221112111112111111222221211
11112112112221111211221111111112112222111111211211121222112111211212112122111221111111111222111211111
21121211211211211121212211211111122111211112221121111112112112121211111121112111121111111111112121111
12112111121122111211112211121122111121112211121211111121111211211221111111111112112221111121211122111
21212111221111121111211111111111111112111212121111122122111111211112112111122111111121121211112112121
12222121111112111111111221111111112111211111111111121221122112112211111211121121111211111111111222121
11112111111111122111211111111221212112121112121111211111211111211111112121112112222211222111211221211
11221111122212121211121121111211111121111212112112111221111121111111112111212111111221111111121211121
12112111111112111122212111111112221121221111221121211111112122212112122121222211211121212122111112111
21111111111111121121111111211121112212121112121121121112211211112121111112111122122121211112212211111
11111121112112112111122121111112212121211111212111211111112111221111221112211112221121122121121111221
11111111112221112122211221111111112211122112122111111111112121121122111221211212112121111111111221121
11111121122121111112111112211121211222111211111211211111111212211211212211211121111111111211211121121
22211211211112211222111111111111121221112121221111121211111211122111112121211122111111111111211112121
21121112122121211112212111221211111112112212112112111122121121111112111111211212122112211122111122112
11221111111211122111211211112111212111222122111111111112121221111212111211121211121111111121111122222
12122121222111221121111122211111111121111211111222121121112111211121112111111211122211121111111211111
11211211121211111221211111111111112111211211221112111111112111111111122121221122111212111221221121112
12121121111112211111121111111212121111112211111121211212111112221111212221211121221112211112211211121
21111112212111121111111111121121111112112111122121211211112212211121212111112121212112121222122111122
12121111111111211221121111221121221212112111111211211122112121111211211111111211111111211211112122211
11111222111111111112112211111112121111111111221121111111212121111121211121111111122111211121212111211
21112122111111111121211211111212212121221111111111111111111221121112211121111112221211121212111111211
21121211111112211121121211122211212111112111112222111121221112111211111121122111111112112211111122211
11111212112111212121211121212211111211221121121112111112111121212211112112221111112121221111211111112
11111121112112112111112122111111111111111121211121112111211211111122211111111111211111121111112121221
11112221111122212121121212112111111121211111121212111112212211121122111211121111211111121211111111111
11111121211111111221111212112111211112211211212121211111221212211211212111111111111211222121121121122
11212111122211211122212121112212121122211111111222211121112111111111111111111211122211212121112121111
21121211211212111221111121111121211211211111112111111211211112111211112121121211112111111221112212111
12121221211122111212121111211112212212111111112111112121111112111111211111211112111111112221221121121
21221111121112111211111121121121111121111111112212112121112111121112121111121111121121211111211112111
11121111211122112111111111212121112212222212111111211121112111211112211221112112121221121212112111212
11221121211211211211122121121111111121121122211121221121121111221112112111111111111121111211121222121
21112221112111212211112111111111212121111121111111122111111111211211111111111121211122111122221111111
12111111122121211111111122112112211111111111111211111112122121111112111111211111211211111112111111111
21122122121111111221211111211111112111211112121112222121111121121111212211112111111121121122211111121
11212111122111111111121211112211211211122122111212121112111112111121112111111211121111112111122111111
12111111111111121111121111111112221222212221121111221111111111112112111111211222121211111111211121122
11111111211122121222111111111111111211122112122112211121211221112111221111111121111122211122112122212
12111122112112111211121111111211111111121221111111121112121111122221112111111111112111122121112211211
22211221111121221121122122112112121111212221111112211211212111111112212211221111111112221121211111211
11111211212112111121112211111111111211112122221121111211121121121111111111212111111221111111211111121
11111121111211111211121211111111211111111111111212122111212211211211111122122112112111111211112111112
22111112111211111221112211122111121121112212111211111211111111111121112121122122111112111121112111211
11222111112221211122111111122111211111211112121212211111111121221212111111112212121112211121112121222
11221211111112111211211122221221122121112111111111212111111111122211121122112111112121212111122122112
22121112121122122112111121211112121121112211121211211111111211111111211111112111122111111111121112122
11121111122111211121121111112211111112121211111211111111121221212122111111111111111121111211111112111
21121211112111122221111121122121111112112121122111211111121112121111111121222111222211211111111111111
12122221211121111111111121212211211111111122212121221111211121211111121211212211221222121111122122112
21112121211122121211111111121112121111111121111112111112111121111112111111112111212111122211112112211
12111121111111212112111121211111211112111212111111121111122121111112111211112211121212112111112211211
12211212212111111111111112211121212212112222111111111211212111112211111111121121112111111111111212111
21122221111122111112121211112112111111122121211111112211121111122111111211221221211121212111111211211
11221111111111221112111111221112211112121212111211121122212212111111221111111112111111112111112122121
11111221111211111212211122121111121111221221121121211111111111121112221211221112121121122122111212212
11121111211222111111111111211121111121112112111111121211112111111211111111111112122211112111112111111
11111111212111111111112211211112121211122111112211211111121121111121212111211112111122121111222111211
12211221111121121122111211111211211121112212111112122112111112212211111221211111112111112211111111111
11211211122111112111121121211112211212112221212112122211211211112112112111121111212112111111111112111
21112121212111122112112121222112121211122112221121111112121111111121111211211111221111212121111222111
12121221111111211111121121111212112111212221111121121211111121122111111112122121111121111122122121111
12122111112111112111121212221111221121111121122111112121111111121121111211121212121211111111121212112
11222111121221121121111111111112111121111111222212122111111221111121111211211221112221111111211112121
21111111111112211111121211112121112122111122111112211111121111111221122111211122111111111111111221112
12112112222221121111211111111111121111122121112222122122121212121122211221211112221221111222111111121
11122211221111111111212111111121111111121121111121111211121111112212211111122122111111111221111211111
12211211211111112112212122111111111111111221112121111212122112121121111111212121221121111211111122111
11211221111221121221111121111222212221211112111111111221211111112212112121121211111121111212121121121
21211122211121211111121111211111111121221111111211112112121212111122212212122211111111112122111211111
12112111111211121112212121211112111212121222211112221111112112211221112221111212121111212111211111211
21121221212112211122111221111112221111111111111211111112112112122111112112112112111111111111222122111
22112111221211122111222112212212111111112112221112121111111112211112212111122112221111121121112221221
11112211111111111112221111121111211111111211121221111122111122111112112211111111122121111211111122121
12211222111121111122111112212111111221122212111212111111111211111121221221212211111111111111221111211
21111111211111221122212111121211111112111111121111122212111212211112121121111221111212112122211111122
11121111111111211211121111121212111121111122111221111121112212121111111121122122112122111121121211111
11122211112111111112122111111121121122111111111221221111111121112111221111212112111221111121211111121
22111211111122112111111112122111122112211221111121122121112122111221111111212212221111121212112112111
