11211211121112221111111221112112211112212111221211112221211111111122111111111112121111211212111111111
11211111211112112211122112221221212111112112112121121112112211211121211112111111111122111211111111211
11121111222112222121121121111112212122211221121111221221111221111111111111111112211221122111111211111
21211111111211112211122122111112111121212111211222122111111112111222211112112221111211111111122111111
21211112121122112211211211122111111111221211111211111121121211111121221211221121111211121211112111212
11112211112111111111121211111121111111122112122211111121222122112222121111121112111211211212111111111
21112111211221211111112211112121121211121122112111122121112112212112111112112221111111122111221111122
11111222111211111221211111221111121212112111221111211111111111212212121111111111211111221121111211121
22121122221112211221211211221212121111111112211111121122111211211112111112112112111111112221112121211
11111211112111112111111222211112122111121111111121112122121121111122111221121112211111111111211111211
12221221111111111221111112111221122121211121222211112111122112221111212121121211111121122211221121122
11112111112121112111221112122112111122111111211111111122211111221122122121121112112122122111221111111
11211111222121221221122111111111121211111211212111111111111111121212122111211211211121111221212112212
11212122112111121211111111221121122122211111211112111121111111212112111111112122122111221111121221211
12111111221211221211121212211111111211221211211121111212212122121121211211111111211122122212212111112
11121111222122121211122111111221111121122121111122122212111111212121222111121121211112121121112212111
12112221211121111121221211111212212212111211111111222211121211212111111111122111111111112121112221221
12211121111211111111111112111121211112122111112111111121111111121111212211111221121121111111121112111
22112112212111111111211221212111111122111111112122112111221211122111211111112111111111211121211121111
12112212121111121111111111122111221111212112111121211111111122111111122112111111111111112221221111212
21111121121111222122111211111112211211111111122111111211111121121211111211122112211112111111211111121
21111112111111111111122122121111111221112212112112121211111211211111111111212111221122121112111121111
21111211211122211111211111211112121221212112121121112211121112212122121111121111121111212221211122211
11112121111211111212211111211211111112111122112111211122212111111121111111121211111111211122121111111
11111112121111212111111112122121111112112121212212212111121222121111122112211211211111112112112211121
21121111111111112112211122111212121212111111212111111121111112121122211122111121211121111112211112112
11121111112112111212112112211112111111111111111121111111111222112111212212111111121211122111111212211
11111112111111121112211111122112111122111121111111121111222121112121122112111111121121122121111111121
21112221212121112121211211111122121121211111112121111111211212111211122121111111111111111111112112122
21112212111212112111222111211111111211111111112122211211111211111111112112122112121121222212112221111
22122111121111121222211212121111111222111112112212221112122212222121111211212111112111112221122111121
11211111212211221211211212121112122112121111111111121211211112212112212121121121112111122111211212121
11221111111212111111112111111112211121121112111211112221121111221221211221112211211211112121221112121
11112111111121121112211112121222121111212112211111121111211121111211112121111111121211112111112221211
12121112111122111212112222121211211211211211112211222211121112221211211121111211211211211211111211112
11221111112111221111111111112122122211211121111121112121111121211121121111122121122211111121221221211
21111211111121111121211111112121212111121121211221121112221211111112121111111112112221111111121211212
11111212121111211111111111111112212221222111112111111221211111111112111111111112121112111212112111112
22112111112211111111221211111111122121111111121121111122111222221211112122221122111112112221111111121
12122111122111112212211111211111121121211111211111111121121111121121112111211121111121112111112111211
22122111111111111111111112121111111121112112112121111121112121111212121112212111111121211121121111112
11211111112112111121111221111122122212112121111212112121122122212121111121111112211112111212121212121
11111111122111112111111112111211211211111212121121111111111222111211221112211111121211122212121111112
11211121111111111111221122222211222111212221111112111111112112112112111111221211121211111111122112112
12111221112111221211221121111211112121111112122221212111212112112112111111112111211111111211221211111
22211221212111121211111112121112112112111111111221122121122122111212121121111121211121111122111111222
21112112112211121121121212111111122111222222111111121111111211111111211112212221111122211111112122121
11211212221112111111212111111112211111122112111211111121212121212112112121111112111112211112111122121
11221212122211112221221112211112122111111111112121211211122111211111211111112112121121122111111221211
22211212122111211212212211211111211111112111111112111111121122112111121211121211111111111121121111211
11111121212121122111222211112111111211111111211221112111211112111111212121112111211211121212211111111
21211112112122221211111111111121121212111211221211111111212111122121121111112111221211111111111211122
21221211111122221211111112221121111121122121121212221111121111111211122122122111121112112112112121111
11112211122111111112221111111111211221121121112112121111211221112212111112111121122112122121221112111
22212111111112212122112111111111112121112211221111221111222121122111111112111111111211112211111112111
11211122111111111111121121121211211121111112211211111211211212111111112121221122111122112211111111111
12212111112121221111122122221111211211211111111211211111211211111122112212221111121111112112111111111
21111221112111112112111211121111111111111121111121111121111211121212121111121121122121112122112121111
11112211111211111121212111111111111111221112121212111121112111112211112111111111122112111111111222111
11111122212112122112112211111122112211211111121121112211112111111221211112111221111211221112112111112
11122111121112121211111111112121121211211111211211211112211111122212111111211112211122212221222111221
11121121211211111111111122111121212122111111221212112211111112221121121212111121111121111111121111121
21111111211111111111221112111121111122211122121211121212122211111212112112212212122112121212111111112
11112111111122111122111111111111111111212111121111212112111211121222121112112212112211112121211121111
21111111111221111112122211221221111112121121212122111111111121111111211211111111121221111111212211112
21111212112112111212111111111211211221211211211121112211122221111212211112222122221211112121111111112
11111122122121111121221221111111211122121112211121112122122111122111211121111111112211111121112111112
11211122121212111111121121112221111111212211111111222121211121211121111121112111111111121211111211111
11111121111211121111112111121121112111221212121111122221222111111111211111111211211111211111212212112
11111121111111211122112112211222211112111121111211111112111112111111111221111211111111122222211211111
12121112111111211111212221111112212111211221111111211121111211121211111111111121112222111111112121112
11112111121221121221111121111111211121221122221211112121111112111211122212121121122111111121111211121
21112111122212111111121112111112111112111121112112111221221111111211111122121111111111112111111121121
21212111112212212122121111111112121221111111111111112111211111211112111112111111121221212211112121221
12111112122112122111221121221111111111111211111111121111221212112112212112111111112111112111122121112
21221121121111111212112212112122212111111222121121111121111212111222212211111112111121111121111221221
22111112111111122111112211111121121211111121121111221222212121111211112211211121121221211111121121111
11211211221111121221221122111122212121111222211211121211121111111211122112111221112121112121112111122
11111111122111211112121112211211212112211112122112211221112111111121111112111212122121122221122222112
11211111211111211211212211211211122111211222121112112212212211112112111111111212112121221111121211221
11111111112121111111121211121111111211121211121111212121121221112111111112111211122112111211121222122
11112211121221222122212112211121111211111111211221111112121211111211111121112112111111212112122111111
12111212121121211111212212112121111211222112211111112121212111111221211111211111211111112121211211221
21111111111112111111111122111111111121111221121111112211111121121112111122121211211221221112211111122
11111122221211111212112111111122211211122121121211112211211112121122112221121211121111121112121211111
21121212111112211111112211121111111121222212221212121211121111112111111111121112211122111112111112111
21212112212211121111212211121112211221111221222211111112111121221121111112112111111111211111221212122
11112212111111111111211121212111111221212211111121211111221211211122222111221211121111111112221121111
11122211111111112211112111112111111111111212121211111111121111121111111112111221111111112112111112211
11111111112111111111112112221111121112112122111111211111111111122111111121121111111121222111122111212
11111112121121121111121121112111211111222112212121221221122111211221111111112112221121122112111211221
11211111111211121111121211121211122211221121111111111111212211211112212111111122122111111111111111112
11122112111121212221121111111121211222111122111111211121111211221111221111112111112111211212122212111
11211111111112121122122111112111222112211121112111211121112111221112112211212111211121111211211121112
11121221121211111111112111211211121111112111112111111112111211121122121121121112222221111111112121211
11112111112112111121112112111112212221111211111211112121212122112111211111112212111111212111121122111
11111111111121122211111121111112111112111211111211111112221112111111111121111221111122211211121221211
11211111111211122221221112211121121111211112122121212211112212211112111121121111211112111122112111122
11221111111222111111122211211211111111211111111121211112211112121121111121112121111112111112212112111
21121211221121111112212121111211221122121112111112221211112221121112111221211111111211211111112112211
12111111111121211111111111111111111111121121121111111111121122111111211212111122211121211111111111211
