11211121211121121211221212221111221221112112112211111111111221112211112112221211211111211211111112111
11111111221111211211111211111111111211211222112212121211121121221211112112112111121122211111211221121
11122211111111111121112211121111212111111121111111111111211211212122221111111211121121112112112111111
12211211112111222122111111211111111111211111211111222122112121221211111211211111122212112111211111121
11111111121222221112122122212111211111111211211111112212111211111111111211211111121211112122111121122
11122211112111121212112212211211122212121111111112112111222111111121211211112211112111222111212111211
12111122212121212111212111111112122122111121211111222121211211111212111111111121211112212121211112121
12212212211111111212111111111112121111112211111212121122221112112121111122112112211121111211211122121
11121111221212221121111111212121111212112121111212112111111111212111111122121111121211111222112111211
12112212221111111111222112112112211121222112121111111111212111111122111211111121121222111221111221111
12122211121111112111211211212112111112111111111211111122111112111112111112112121112221211221112221122
12111112112211121112111111112212111111111122111121121111112111212112212212121211122111111112121112111
11111121221121121111112112111112111112112121221111211221122111221121111112111211111121111111221111221
12111111112211111121211121111212111112111112121111111211112111112121221121122111121122221211111111111
11111111112111111111122222122112212121211111121111112121111111111212211121111222212111111221121212121
11111211212111111211121111222211112111121111112221212112212211211111111112111211122121122121111111222
11112211122212111111112212111111111121111111122111111111112112111221212112111121212111121211211111211
21112112221121111211111211111212112112111112121211112121111111112121121121211211222112121212111122111
12211211121111111121121111111111111211212112121211111112221121222111111111112121111111221111111212111
12121111111111212111121212111121112121112121111122111111211211111111211222112111211112112221111111111
11112222122111111112121111111111121121211212111111111212212111112111211221111111111112212111112112122
21121121221211221112211112211212111111211121121111112112111211211112221112121121111222121212111112121
12111112111111212111111121121211111121221221122111111212122211111121111112121211211211121112112121212
11111111222221111221111211211111112111111212111212111111211211111111112111211112111111212211211111112
22221111112111112121211111112111111211211112211111112111112112122211111112212121211111211112121211212
11121111112121122211121211122121111211121111111111112121111222112111121112112211212111111211211221111
21121212111221111111111211121222111111121111121111112112111112211121111212112111211221112111111221121
22122111111211221221211111122112111122111122112121111111121212111112122111121111221211111112111111112
11221111211111122111212212112121121121121211211121112211211111211111111111111121221111121111112212111
11111222211112112112211112121111111121112111211221221212212111111221211112221221111212211111121212121
22221221111112111212211211122212111121221121212211122111112212121222112121112112221121121111121111112
11112122112112211112211222111221111121222111122212121221111211212111111121211211112111111111212221211
22112111111122121211111212121111111111111211211111111112222112122211112212211111122111111211222122111
21112111211112111111121111111122111121111111111121111111112111111111111121111121221111212211112212111
11122111112111221211111121111111111111121212111111122211112121121111211112211122111211121111222121212
21112121211212211111211221121211211221111111111111111122112111112111111111112111111112111122112111112
12111222211111121221111111121112111211111121112112211112111112211122111111111121111221111211212111112
12111111211212211211112222122112212121212212111111111122112111112212121111111122111111112111111121212
11211112221211121111111111211121211221111111121111121211112111111211111221121212112111111111121211112
11111222111121112121111112111211111212121111111111111112112211111121112111122212212221211111121111121
12211111122212222121211211111121111211211111112211112211111211111111122111112212212112111112211111121
12121111211212111111112111111222111121111111222112111112222112121112211112112111111111121112211112221
11112111111221111121111112211112111212112222211111111111111222121122111112122222211111211111122111111
12111111111221212111221121121122121111111111111111121111212121212121111212121111111221122112111112121
21211111111111211121112111111111122122221112211121112121111221211221111111221121111121111111111111111
21111212211111121211111221111111111112211111122212111111121112212111111111121112111111111211111111111
11111122112221111122111121121211221121121121121212222111112121111111212111111211111221111111121121111
12111121111211222121121211111211211111111111111122111211111111111121211211121211212111111121212212211
21111111111121111111111211211112121111211211111212121112212211111212122111112221211111121121212212111
11111111221111221211121211111111111121122111212121121221111121111112212111211111112112122121111111222
22121112112111112211211121111112111122111212111111112211121211112111221111111111112111221212111111211
11212121112112211111111212211112111121121112111122221112111121111221111111211111122212212111121121111
11111112111111221121221221121112121222112211211111221111212111112111111221112111111112111122111211121
11211111111112212111112111112211111111112111112111211211112111111111121121112111212211111111211222111
11111112122221121111121121122211111111111111112211121111221212221212111111111111121122221111221111211
11111111111112222112211212111111221111121222112111212212122121212112211111121221111121111111211211121
12111111122211111121212121111111122121122121112121221111111211111221221112122221122121121121222211111
11212121111112112121111111121222212212122212111111121112111221121121112221212111211111211111111121212
22121112221221111212111211122112112211111122121111111112111112111121112122112121112112221212111111211
12121111221211111121111112211112111112121211112211111111221111111211111111112111111211121112112111111
11111111111111212211112111211122112112211111111111111111211122121222211222211112121111111211212112121
12111111211112121212121121111211111112111211111211121112211211112112121211111111111111211212111112121
11211111111121121111221111111211112122112121112112112111111121111211112112111111121211211211111112212
12111211211112111112211111212221111111122121212111112211212111112112122112122121121211211111221112212
11111211111111121111111112121121212111111111111111212111112111212222211211111111221112111212121221212
21111111111211111111111211111112111122121112211211111211112121122121111122222111111122111122112112211
12111111111111111211111211221121112212121111122112111111212112211112121111122122121112111212111111111
11111122121122111211212111111121121112111111122222112111111111222111112121112111112221221111112112221
22111111211121211222221122121112111111111111111212121111211121111212122111111121112122111112122111211
11111111211212112222111121121111212211221111121111211212112211211111111111111112211111212112111121211
21121121211121121111111121121221111121221211121111211212112111211111211111122122211222122211111112111
21112121111211211211121221111112211121112111121121112121121112111121111111111211111121111212222111111
11111121111211111111121121111212111212222111111111211111111121111212111111111121111112111121122111111
21111211211121221222111221111211111211111211111111111111112121221111121111212121112211211211111111111
12111211111112211111111111111111112122112111121112222211111111211121211212121211212111111111111111122
11112111121112111211112212112111121121211122211212112211121112211122122121112111111212121121111211112
22111111112111212212112111111211121212121111211111111122111111111111112111121111121111111121121111122
12121112221112111211111111111111211111111112121211111112112211121111122121112112121112112112121111111
11112111111221122221122221211111211211221212221111211211221222111211121111111111111111211111111211112
11111121222111211112121111222111121121211112111111212112111111121111111211122112112121111121111111121
11111211211111211211112212111121112112112111121211112111221111111222111111121111121111211112111122112
11221222111112121211112112112111112111211111211111111121111211211111112111121111111222112112111211221
21111211111222111212121211211111111111211111212212112111111112112122111111111211222121111121111111121
21212211111211121111111211121111121111121221112111112211111111111211211111212221211112211122222111111
12212111121112112211111121121122211111211122111212212121121111111111112212121111211111111212212111111
12112122121212112111112211111211211221111212111221112121112221111111111111111111111121121111122111111
21211122111111112111111111111111111111111211121111111112111212111111221111211111211121122222121221212
11111112211212211111211111111111211121122121122112111112112121121111112112111211211112212121221121111
22121111121111212111211111111211111121112111222211211112111112111221121211121121122111112212112111211
11121111112111112121221111221211111111221122211112211122111111222121111112212112111121112211221111112
11122211111211222121121211211112121122212211221111111212111211221212122111211122221111221221211211122
12111121121122211111212121111111212122121111112122111112122211212111211121121221122112121121111111111
11122211112111111122112112112121221112111211222111221121121212212121211111111211112121211211212111121
21211111111212121111111112211121211112121112111211112111111211221121112211121121121121111111121111121
12111111221211211121122211112112211121121121111121112211121112111211212111112221121121212111111221112
11112212121111111211211111112111111211122122211112121111211111112121112111112211222122211121121112111
21211112211111222111112211211121121121112211111121211121112111111122112112111211111111111111112211211
22112111212121111212121111221112111211221211111212121111111121111111121221112111212111212222121221221
12221111111121111111211111111111111111111121111121111111121121111122211121122111111122121211111222112
11111111111112121211111112112221211111121212221211221212122111121111211111111111212111111212112111122
11121121121112121112111111112121211111211211221111111121211111112112121121111211111222111111221111111
