12111111122211122112111212121111122211211211111112121111111121122112111212111111212212111211211212112
12111212111111111212111121121112121121111211122111111111221111112122121221221122121121122111221111111
21211211111122112112111121112111121121111221111111112111121211121111112112212111222122211211112111111
11221112122111122112111111222112121121121111111111221212112111111111121211111112211112112211111111121
11221111211211121111112121211212211122111211111221211111211111221121121111111121212211111221121111111
12111211112121111112111121121112111211211211211111111222111111211121121121111112211221121111111221112
11111111111212211111211111121111211112221221111121111111111122111112122211121212112112212112111122122
12112121111211112121122112221221221111111121211111112222112221121211111111111212111112121112221121221
11111121112122111111111111112111121122111121112112111121222212111111111112211222221111211112111111212
11111111111112222112211212212121121112111112112111221211111212221111111211111111112121111212111111211
22111121211221211112211111111211121222111121122122111111112111211212121111111211121111112112111121221
11221211111112211111111211221121221111112111121122221111112121121122221111112111112221112221122111211
21211111211111111112112111122121111111112111212211111122211121111121112212111112212121111121111211122
12122111111111121122111211122111212212211222121111221111111211121111111211112111121111212211112111111
11111121122111221121121221111121111211212121212111111121111211121121121122111111111111112111112112111
21111121112121111111122212111121111211111112112212111212112112121112111111221122111111112112212211111
11111212221111111111111111121112111121111222121211221221211121111112111121221121121111112112111112111
11111111112111111211211222121212222211112111212111121121111112211111111111121111112111111111211112211
11111221121211221121112111112121111121211122112111111111111221111211112211121121211212112111112111111
11211221211122211221111121221121212111212222211111112111112211212211111112121111121121222111212111122
22111121211221222121111111221211121211122111111211211211111121111121111211212111111111221111111221111
21111211121111121211112121211121221211211122212111111122111211211111122211212111212122221122121121211
21111111111211112121111111111121111121111211121111222112111211111212212121121212211211112111111111111
22121111111111212211111211122111121111121111111112121112222112122111122112112211211121122111111212111
11111122112112112211222111211221121211112221111111222121111212211211111111121121121111121111211212111
11122111112211212211111212112212211112121121211221212112111121212111111111211211121111121121111111121
12212221111112111211121122111111121111111211111121112211212222122211122112112221111111112112211222211
11211212212121111112111111122112121211121111111221111121121111111221121111221111221111111111111111121
11122221111112122121111121121121221211112121111112111111221211221111121221111111121122111122112111211
11221111111121112111111121211212211111212121121122112211212212111121111211111211211221122112211211121
11112121211121122222121121221121111111111211111121121212112111211111211111111121212111111121111111111
22112111112111111111122221121111212111121111112212112112211112212221121111211111121121112212121121222
12111112211122112112122122211212222111211121111111111121221211112122211121112111111112212221111121121
12121221211111121112211111111121112121111122121112111211111211111211111111211112112111122111111111111
21121121111111211121111112111212111111211222111211111221112111111222111112212211111112122112112121112
12111211211111211112211111111111112112111212121211211211211211111111112122111211112111211122111111112
12112121122212111111211221221112111111211112111212111211112112112111111121111212221222212121111112111
21112112112211111122111111211121111211111111111221212111111111221211111121121112211111112111112211112
11112221122111111212111121211221111211221211122111111111212211121112112211211111212111111121211212112
22111111112111122211211121111122111211211112112121222112212111121121112211121121222111111112112122212
22212112211111111111211111112112211121121111111111111112122121212111121111121111122121111112122121121
11122112122212122112112112212111121211122212112221212111121211112111121121111221122211121221111111212
21211212121111222211111211112212111111112121122111121212112112121112212111211112121111112212122111111
21111111111112211211122111212222111211111112111111112111212111111212112211111211111112211121121122111
11111111121211111121112121212121122111111111211111121111121111111111111211222112112122121111111111112
12111112212211121211121121112111111121112212121211112121121111122112211112211221221111211111112211112
21222111112112221112111121211111111111221121211112112212112121211111111111121112111111211111121211222
12111221211111112111221122211121211111222111122111212112122112111211211121111111211111111111211122211
11121112121111221221112121111211111212111111121111121221111122112111121211211121211222122111111111112
21111221112112212111221122121212111222111111111122111121121111111121221111221111112111121111111122111
11112111111122111111222111111112111212111111112112111111111121112111212111112121121121111121112121211
11211111111211112121111111112111112211112112111111121212112111212112112211121122121111111111211112121
21221221112122211211111111211211111121121211111111211111112121211111221221211111212212211112111111111
21111111112211112122111111122111111111212111112112111111111111221212111121111111111111121112211211121
21111111121121212112111121211112111121112121221211112111111211111222111111121121111111112121212112121
12111112111111111111111211121221111121111122112121111211111122212111122111212121111211111212211112111
21211211111211211112111221211111112111112122211122121211111112111111121111211112121112212221112111221
11112112212121111112112112122112221121112111121221211121112111122121121122111221121111112111111121112
11221111211212111112112122121111111121111111111111112122221112121121111212112222111111112121221211211
11111121212112111112122211212121111112212111111111112112122121212221211211221111211221112211111121211
21112112121111122111111111211122212111111212111212112112211111221111112221112111111221122111212121111
21211111111121111112212221211111122121121222122111111111121212211112121121111111212111111112111121112
11222111111112222111111211111211212112211122112111111112111111211122211111112111211111111222112212112
11211221211111212121121111111111212121111122221111121122121111212111112111112211111222121111121222111
11212111212111221221221111111211221112121111111112112211111222121112112111111211211111122211221111112
12122111111211211121222111112121121211211111111112211111111111112112111222111211121112112121111112112
11121112111111211111111221211112121112112212111111121122211121212112112111111111112112111111122122111
12211112111112122111121212121221221211211111111112211121111222111112112112212121211111111111211122112
11212211121212111112211121122122211112111111121111111212212111121221122121222211121111121112121212211
11111122111111121211112121112111112112111211121111121211111111211211121211121211112112211122211111122
11211222211211112111211112111222211121211112111111111221112111122212212111211122121211121121112211111
12212111111111111211111211121121111211111111111111211121211122111112211111212212211121112112111211212
12111211112211211111111111211211111211211221211211111212112112121222121112221111111112121221211211121
11221111111121111121121211111111112111212121112111111212112211122121122121111211111111111111111111112
11111211122112211121212211221111211211111112211111112111121111111112112122111111211121121121111111111
11212111111211112111111111111222122122211111111121212111211121111121111121111221122111111211111112221
12211111211122121221211111111111111211211111121121111121112121212122121122111121221212111111112111122
12211121121111111111121111121111111111212111211211122211221111112112111112122122212112112112121211121
21112221111111111212121111112122121111111121211111111211111212121121111111121111111111111111212211121
11112111111112221121211111111211111121111111111211111211111112211112112111112212111111111212121111212
21122111211212221121111111111211211111112111121112211122112112121111112111112112211111211121212111111
21111111112111121112211212121111122122111211121111121211111111122121222122111111112111112112121112111
22111111121211122211121111112112111211112112111112111211112112221211122211212211121121121111111111111
11122111211112121111221111221111121211111211111111121212111221111222111211212112112111121121122112211
11211121111112122111121111111121112122112212112122212121111212112111121211111211221111121112111121111
11112212111111121112112111211122121112111112111121211221221121112111212212121211112111212111122111111
22211222121221112111111212111221221121111111112111211111111111111112122111111112121111122111121112122
11111211221121211111111122112112212122112112221211111111111211222111121112211111111111211211111211121
11111211121111122112211121111212121111111111111122121221222121121211211111211121221112211211221111122
11121111111111221112112121111121211222211121211212122111222111121111221112211122111121111112111121111
22112111122222221212121112111212111111111211122211111121211121111121112111111111121121122211111121112
11111221121212121112211122111111111212121111212111212211112111121221121212112111121111121121121111121
22111111111121121112111112122221111121221211212221121121111111121111111121211211212111111111111112121
12112111111111211111211121211111112212121112211112111111121211111221111211211111111211122212211212121
11112211212212211211111111221111112121112211112111211111122111111112111121111121111111121111212112121
22211111111211111111111122111111112211211121221121221212111111121111112211111211122111221122212121111
11111221211112121221112111212211111211112211111111212111212122211211212122111212111211111211121211221
11112112121111112122222112111211111121122121212212111221111121212112222121111111221211212111112222122
21121122122111211211212112112212112111111121111111211111222111111111111211111111112111122111111121111
11121122122122211111121111112211221112211111211121111211111122211121112111212221121112111121111111112
11111221111212211112212211211111111211122221112112121111221211111111221212111111221111111221212211112
