12121111211112112221211122111212111112121112111122212111112111212122111111222112111211211212111121111
11111121112212121112112211112121211112212121112221212111112111111111111112111111111122111121111111111
21112112111112111111111211211212122112221112211121111221222211111212111111112111111212111122111122111
12121112121211121111111211211111211211111211121211211111211121212111111221111112121222221111221111111
11211112122122121121111111211212111121121111121121111212111112111121222112121211112211112111212211212
12121112212111111211121211121112111112111111222112121112211111121122111111111112111121111111122111211
12112121121111122211121111122112221112111122111221112121121111121212212111112111111112212212111121221
12112121212112121122211121112211111211222111111111112211211112121221122122212111122121111121212122211
11111112212111222121111121111221222121111122111121121111211211111121122112111111112111121112211212121
11111111112211111211221111222111111111212112111112221121121221121122111122111111221211121112111212212
22111211112222111121122211111111222122222211122211112121111112112211111121211112121122111111112121112
11112111121111111211111112121111122111111211111111211211121211211121111111111121111111112211112112112
21112111121111122112111121221221121211111121112111121111112112112111121111121112211211211121112211221
11211111111121111111212121221111111221221111111211121112221112212111111222212211111111121221112211121
12212121211211112211112221121112211211112111211111112211112112211111111121111111121112111212221122111
11112112121122121211111221111111111112112111122111211111111121111111111112121112221111111221121212111
21221112211212111222111212111212111211111111111121112121111111112112121112112111111211222211122211211
22221121121111211121112221221111121211211212112212111111111111112221111121121212122122121221121111212
11111212111121111111122112211111212121121111121212121211111111211111221122111211112211112211122121111
11111111111111112122121211112121121211111111112211111211221211121121211111212212112112121211111211111
12121111221111112121212211221112212121112112211121221121111112111111222211121211111111211221112111112
11111111211121111112112211111212121211211122112111212112221112121122212111112111111111121111222121121
11121121121112221212121121121121122111111121121112111111111111111111111211111211111111112111222211211
11121112222111121222112112111122112211211111211111121111111121111212111112211111112211121122211111111
11112222111111121211111211211211121112211111121112111211111111111122211221112111212111122121111211212
11111222121111112111111121121121111122211221111122112211112111211111111111111121221111121121121111212
21111112111221212122211111111111111111211211112212212111211222111122111221121211212111111111121211121
21211221111211111212111211221111122121222112111111112212111121121112221212111211121122212121221111212
11111121111111111211111211111121211111111121112211111211211111222211121212111111111121211212121221111
11211111112111111222111112111212121211111111111221122121121211111111121111111112221112111111211111221
11111122121112212111221111111112111212111111211111111111211221111112121122111211211211221111112111212
22121111122111122111111211122111121111121111211211122121221121112111221222112211121111211122211121112
12211211111211111122121211112112122221111111222122221222112211111211111111111111111121111111111111112
12211212111112121121111111122111111111111121111121111112112211211111111211111121211111222111211111112
22111211111112211212111122221211111211111121122111212112111111122111111121111111111222112121112211111
11111111121112221111222212211211222211111111211211111122111221212111122211111112111221121212221112112
11212211211112111211112211111211111111211211112121111111111122111111111122111222121121121111112111111
21111212212211211112121122211111111111111122121211112121112111111211112111212211112111111221212111211
11211211122111112111111111112121111221121121212111111112211212111112111211211221111211111112111122111
11111111111111112211121221121111112111112111112111112112122111122111121112111112111111111122211221212
12112221111111121211211122211121211111111112121212112111211111121111121121211121112122112211211121211
21121121111112222112111111211122111111111211111122111212111111211112111111212211112222111111211221111
11112121211221111212222112122111122221211121111221121212121211112121111211111111111111112112121111111
11221111111122211121112112212111112211121112122121112112211121112121211112121111111221122122111121111
12111111112111211112111221222111221112112121112211112122111222211112121221212212211211212111111111112
11111121221122111221111121111111211121121211112111111111111111111112112222121121111121111222122111111
11122121212122121111122121111122211112212121111122221121212211111122221112112111121211221211121111211
11212112212211121211211112112211121112111121121112222221121211112121112111211111111112111221221112222
12121211122111112211112111111121112211122111212221112111111222112222111111122222112222111111111112111
11112111121111112211122111111111111112112111121121111212111221121211112121111211121111121211211222121
21121112221122111111212112112221111211111111111112111221111121221112111121211112111111111111211121211
12221111211112112111111111121121221121112212111111111111221111122111111211121121221112111212121211111
12111112112211111212112111111112121111212111121211111112112122211221111122121111212112121111111111121
21211211211222111121122122112111211111111212122112122111111111211211111111211212112122112111111111112
11212111111211121111111111212111221112111121111111111111111121221121111111111111222121111112121111211
11121211211212111111111121111121111111221121221111211112121111212121121112122211122111111211211221111
12121112111112211112112112121121111111112111121121112211112111121122111111111211212122111111112121221
11111111122111212111111121211111211111212212211111111212111212112111212221112111212211122112221111212
11121112111111211211111111121121111121121111111211111121211111122111111111121222211111222221121211111
12111111111111111111121111111222112121122121112112111121211212211212121121211211121122111221112212111
12121212221111111211211121112111112212111221112211121122211111111221111111111112111121112111112211111
21221111111211112111122211111122121111111111121111111222111111211222222111111112111212121111111111212
21211121112121111211111111121112212212221112111111111111111111111212112111112111111121122211111122221
11112111111111112111212111211112221111121121111211112222211221111112121121121221212111112111111111112
12111112121122211122211111111121112111221121111211121122111121121112111111222111121211121121112111222
12211221221211121121122111111222212111121211112221121111212121112111212121111111211112111111111112111
11111111121211122112112222122112111112121211212121112112211121112122121212112111212211112211111121112
12211121211111112212112111121122121212111111121211111111222212211111112121112111111111212122111121111
11111112112111112211212211121211221112111121121111111121111112111121221211211121111111121111221111112
11221221111121111221121211121121221211122211122111221211212121112111111211221111111112121111111111121
21211111122111112212211112121111111212212111111121222121111211211211111211111212111112111121111111112
11211222121111111111222111111111221112121211121221111111211121111211221111111121122211112121111221221
11112111212222112112221121212111211211211211112121211112121111112121212112211211112111112211222111121
11211122222222111111111111122121111211212121221111211122111221111211111121112111111211211111111112111
12111212111111111111111121221111121221111121111122222111111112121212111112122111111111112212122111112
12111211212111112111121111122121111111212111111111121112222112112211221222111212112111112121121112111
21122211111111111212111111122121121121121111112121211212121211221111121212122112121121211112111211122
21111111111212111111122121111111112121111211221222111111111211111112212122121212212111111221222111112
11111112121222112121111111111111121211112221221111111121221121112111212121211111211112111111111211112
12111111212221111111121121221111112111211111111221112111121111121111212221121111111222122221221121111
12111111111121112111211212111211211111122121112211111122121211112111112112211112111221122121211121112
11111111111111211112221111111111111112211211112111112112111111112111121212112221111112111211221111121
12111222122112211112111112212111111111211212121211111211121111111111212221211121111111111221221211121
12212111211121111211111111221121121221121111212121111111212111211111121112111121121111212111211112111
12112111112111111121122122111211212121211121111111112122211112111111121121121122121122121111111211112
12112122211121111221112111112112111111111212111212111111211121122221121112112122121111111121112122111
11122211111112111121212111111111121112121112111111112111111111111111211211211221111121111111111122121
21121112212111122122122111221212112112111121112111211111121212111112111211111212121211121211121121222
11112211111111121211111211112121112112111222111112111211121111112111121111111111111221111121112112112
12111111111121121111122122211121122112111111122211111211111211222212221111111121112211121111112212111
11221121112212212222112111212112112111211111111111211111211111111111111112112111112112111111112211112
21121212211111212221211221111111111121111111111111221111111211112211112121112221212121111111212111212
11121212111111111112111111121211112112212211212211112112221111211111111221112212111111221111112212111
12112111111111212111221121221111111221222212111111211111111112211212121221111111111121211112211111122
21211211111112121111111211112221222212111121121221211122111222121112112211121112211111121211111211112
12111211122112221121112112112212211212112211111112121121221121111121211211221112112122112111212121121
11111112112122121212211111211121121221121211111121121111111121121212211211211111111121221112212111121
22111111111111121221111112111121112112111212122112121121221111112111112121222121111211121122111221121
21211121121222121121212111211211112211111211122111212121121121112111122112211111212122111111111111111
11212122111112111211121211111111111121112111211112111111111121211221212121222221211121211112121211112
11121111222112111122112111112111211121111111121221212111211211211121112212111121111111111112111111121
