11111112211211112111121111111212111112211121112221111112121112111121111111111122112121111112111111112
11212221111211112211121111111121222112112121111111121121221111111111221111112111111212222221112222221
11211112211112212111221121111112211112111211221112111211111111111221121222112212112112111111122222111
21112111211112122111112111122211121211211121111112212122121121111112112111121111122112111111211111211
11221111111112121211211111111111221212121221111121211212112221121111111211111112111211121111212112211
11211112111212122211111111121121212111111211121111121111111111112211122212121111212211221111121121112
12111121211121111111111211112112121111111112112111122111121111211111112111111222112111221211111121221
12112221111112121111222111211111122211212212221112111111111122111112211112211111112221211111121111111
11111112112111112211121211122121111111222212122111121211221121111212111111112211121121111111112121112
11121121211211112221121121221221221112121111111212112111111111212211222112111211111121211111111211221
12121221112122122121122212112112111211211111211112121121122121122112111112211111111121111111211111212
11211112211112121121121221221111112211121111111111121122111112212221111112211212211112121212121122112
11121211111121111111111111111211212112211112121111111112121121111121121111111111111111111221221111212
11112111221112121111112112121211111111221212111121121212121111111221111111111111111111112112112111111
22122111122211111211121211212211122121121111222122112112221211211111212111111111212111211221111112212
11221111112111111221112112211221211112111111121121211221111211111221111212121111212111111111112211122
11211211111211111121112111111112211111111211212111211111111211111111112221211121111122211112121121111
12221211221111122211211212211212221112111111111212221122122112112122212111111212111221111121112211211
11112212212111211111121122112121112111211111211111121211221211211111221211211211111122111121111111221
11212112121122221111222212111112111211221211111121121111122211111211122121211111112122211221112211211
11112111111211122211111221121122112111111211122121121211121111111111111212111112111121111111211222211
21111211122222112111122121112212211222112112122111111111111121111211111112111211111121112111211111121
11121211112112111111121111111211111122111111111212111121111112121121122111212122121112121112111122111
11111122111211111211112212212121211211111211121111122111111212212112111111111111112211111111211122111
22222111211212211121121111111111121112222111111112122112111221212221112112112111111221111112111111221
11111111212111212122111121211112121122111212111212112111112111211211112122121112121211121122121111122
11111112121222121211121111111212111112121111212221211111111121121221221211111111212111211211121122111
22112111121121211111211111211211112111122222111112111211121112111121111121112111211111111212121211211
11112111111121112111112112122211111111211211212111111212112111111111222111112112111111111122211112212
21211111211212212111221212121221121211111111111221112111211112211121211121221111222212111211111121111
11111111121111111112112212111121121111212211111211121221211112212111212112122112112112212112111112111
11112112121112111112111111111112111122121222112111222211111211112121112112112121121111111111122121111
11112112221111111111121212121222111212212111121211111122211121211121112211111111121121121112121112211
21221112111211222122222111122211111112121111112211212121112211111112111121111111221121111111111111212
11212212222111121111111221121112111111111221221121111111121111111111121111121212112111112111112222111
12112112122112122211112111212111112121212112121211112111121121121111112121212122112111111121112112222
11121121122221211122111222112111111112212121111211111121212222111111112112121121121111122112112121121
11211111111212211211111211211111221111222112212221111111112212112121222211111122211111111111112121211
12121121111111111121211112111212121111111211122122112121111111121111221211221112111122111122111111212
11111112211211212212121111111212111121121111212112111111112121211111111111111112111221121111211121111
12112221121122111111121111211211111212212111111112111121121122112212211111111211122121212211212121112
11111211122111121221112221111111111221122111111111122111211212111112111221111211212211111221111121212
11111211121211211212111111122111111111111221111121111222211111111111211111121121221111111111112121112
21121122111212111121121111121111111112121211112111111112121122111111111112221212221211112112122212112
11111111111212111221112111111211122112212121111121122112122112211121112111121221111211112111211111221
21121211112122111212122112111111121121221212111212122111111111122121121112211122111121121111112121212
21111121111111211211121111111212211211112121121111212111121222111122112111111111112112111111111111211
12111212112211121111121111112121121211112111211111112111212122121112212111111112112212111211111112111
11111121211111111121111111112111111111111121212121112121111212112111111122211111121122111121111121211
11221212112211111111111121221111111211121211211121111111111122112122222121121122121122211121122211112
11111122111112222111111122211111211111111212122221112111111112212112212111211112212211221111121122112
11111211112111121121112121221211221111122222122121221111111211121121211111112122121211112111211122121
22222111111122122121111111111111121121211111112111211121121112121211112111112111111112122111211211112
21211111212111211111212212112121121212221121111222111121111121121122121112211111111111112121221121211
11121212122112211111122112211221112121122112111121212211112121121112111121121211111121121111121111211
11211212111221111111111121111111111212212212121221212211111221111211112211212221112211211111112111122
11121112111211211122111212221111111111111221111111111211222111111112221121111121121212112211112111111
11111111111122111121112211111111111122121111211111221122111121112111111221211121221111211111111111111
11111212111221211111211121111111111121111112212212121122221112211122121211111112111111212112111111111
11112121111121111122111111121121211111111211111112211121212221211211211111121111122221122121121112111
11211121111111111111112112121121111111212111111122121111221111211111121112112112212121112111122111221
11111122212112111122121111111121111112112112111111121212111111111121112211111121221211111111111121121
21111121121121112221121112211111221121112111212121211111111112211221112111121111111112111111112112121
21111211212111112121112112111111211212111221211111112111112111121211211112111121112111111211112122111
21111221211111111212111211121112122111111122111111111122211121112111221121212211111121211221121111111
11111212211111111111221211121112111112211211211111221211111121111221211212122122221121111211211121112
21221112222111211121112121211111111211122112111121111211211111111121111111211212111212121111121122111
11211121112111211112112211121122112111121111212121111122121121211211112121112112111121211121111111111
22121111111121111121212212121111112122212111111121221112121111121111112211111112121221112212211121221
11211111122212112212111112122121121211121221111121212112122221221112111211112212111121111211121221222
11211112211121211111121211121121211211122121121221111121112121121221111111212111111111112111211121111
11112111112112211211212112212121122211111212111111221121111112221121112211121111121122111211121112221
21121112122111111111111121111122111211111222111111111221111111111212221111112121111121211121111211112
11111111212211112121111122211121111111121122111122112222211111211112112111211211112211111111212111111
11211212211121122212111121122121122111122221222111212111121111211211211112111112111112221111211122122
11111212112111211111112111111121121211212211211111121211112122121121211112121211112111211122111121121
12121121122121111121111112112111121221121211111111111211111121222112112211111111111211122122111112211
12211221212111211221112211221111122111111222211112112121212111211111111221212122212221111111121111211
22221211212112111211112111111121111222211211212212211211111121211211111112111111111121211111111221111
11121112111111111121111222112111111111111122211121122122112211122111221211112212211121121121212112111
11112112112121121111111111221111221111121112211111112212112121211111121121221111112221111111122222121
21111112111111211121211111221211121112112121121112112111121111212121112122121221111111112111111121211
21111111122112111211112111111111111111122211111121111112111221111111111211112111112121111112121221121
11111111221111111111212212211212111111111122211212111111111111111121112122111121111221111211111111112
21121111121122111111111121111121112121112221211221111112111221121111211211211111111122111111111112111
11211122212212111112111111111122211212111212211121111211221111111121112222111121122121112121112111111
12111211211122121112121221111112111112211211111111222112211121111221111111111111111122111211111111111
11111212112221221121122111122112111221121111112121111211112221211211111111211111112211111122111121222
11211111121221112122211212111211212121111112212111111121211121122221112121112212211121211212111112112
11111111221112111121121112212111111111211121111112121121221211112111211111121211111122121121111111212
11121111111111111211221121111211221212111121211212111211111111111211112112112111221211221212111112111
11211111211112111222112111112221211211111211111221122122121111111221112112111121122121211111221112111
12122111112212211221121112111112211112112111111121111211111111112111212111121122121122111121111111221
11211111211221111221121112111211111111211122111221112122221221212211121121111111121211211111122211122
11112121212111121222111111112211211111211121221111111121112111111211111112111111121221222122111111121
22221111112121221211211111111121121111211111112111111121211121112211211111211111111121111111121111111
21111112111221112121112122212211111111112212112111111111112111112111112211122112111212111212122211112
22111121111111112111111211121211221222112111112112111111111111112111111111111122212111122211112121211
12111112211211221121212111111211111111111121121121212112111112112221121221111111112112121111111111111
11112112212122111112221112112121111121111211121121111111221221111121111111122221112221111211211211112
11211111111111211111122111212121111121121211212212121111112111111111111111112212212121111211111121121
