11121111121211122112111112121221111111111111111121211211121111111112121111112111111112111111221211121
11121112112121212111111221112212221111111112121111121212112111121212111212111121111111121111111211112
11111122212211112211112111121211221111122111121211211212112111112222111111121122122212112111112122211
11212111111112111211112221121121122221212111112121122121121122121111211212112211222111112211111211111
11121211211121212111112112221121121111211211211112221212112111111112121121111111111121212121122112111
11221111211112212111221111212221111111211211212111111121111112111121112111112111211112121111111111211
11111221222211111111112111111112211111211121112211112121111111111111212211212111111111212122121111221
21212121212111211221122111221111112111111112112212111211112111121111112112111211112112111111112111111
12211211111121212111121111111121211111112211112111122111211121111222121222111112211211111211111212211
11112112111111112111111222212111121111222121121121211212121212111111211121122112112122111111111111122
11111111112112112112112111112211221111111211111112121122111122122111112111211211211111212111111111112
21221111112211111211122111112112111111112212112211121111111112121121121111211212121211111222211212121
11111111221112111111211221211121111111112111111121212121111121212111111212121211111112111211111111211
11111111122112221112112111222111112222211111221211111122211122121222111211111112111221111112111121111
12211111121212122111211111122122121112211111111121211111112121121221111221111221111221111211211112121
21121112112111121112211121112211121211121121211112112221221112221112112121122111221111111121222121211
11221112111211221111122221212111211111212112111211111121112122112112112212211221121111112111111121112
11121121212121121112111121111111211111112122221121211122211121112121121212121111222211121121122221112
11111112221121211212111111111121111112111111111211111112211111111221111111122111211221211112112111111
11111121111212111111221111112212211121111111211111111111112212211112211121121112111221112211121112111
12212112111121111111111111111111111221222111211111111111211112122221211211222221111121121111111121212
11111211221111112212121111112111212122121111111111211112121211212212121111111111211111111111111112211
11221112212111222121111211222221112111112111121221111212112111211111121111222121112211111121112121111
12121221212111121211111211121111111211212211111112121112112121112111212111121111121111112111111111121
11111221221121122112222211212211121211211111111111111211111212122211121112111111122111112111212112211
11111211121111212111111121211211111112122111121111111111112121121111111111111211111112121211122221112
21222112111221122121112122111211212211211211111111221121111111212211211111211222211112211211111112211
21211121111111112111121112121121221111111111222111112222112111111122211111111211211112121212111111122
11121211112212111221111211212212121111122122112111212211211211111211111112111111112212121122211111112
11121111111111221122121112111121122112111111111112111211222212122121111111121221111121122111211111121
12112121112111112211121212111111111111221111121111111111112212111111112112111211211111211111122212211
21211121111212112212112212112112111211211211211111111211111121112111112211212111211222111111111112121
11111111221112212111222111122111111111112111212111121112112111212112121112111121112112111111111212211
12212121111121121111111212111111212111221121211121111122121111211211211121112111212111111111111121121
21121111212122121112211112111121111111112121111121111122111121111221122112211112112111111211211212211
12122121111112121211112212112112121211121212111112211111111111222121122121112111212111222221111212111
11111111211112221111112121121121211111111111112111212221211211112211111221122111112111221112212111121
11121211112222111121111111122221221212122111112112121111211111122112122221211111121121122111112211222
11212112111121112221211111122121111121212221111122111211212111212211122111111212212111111121221121111
11111112121211112221112122112111221212121112112121122121112211122111111111221121121112111112112112222
21111211121121121111221111211111111121111121121112212212111111111112112211121111221111122211111111111
11121111122111112111121211121222111211112211112121211211112112121121211211111212121112122111111212112
11211112212112211211211121112212112222112122211212111211211121211112121222111222122211111112111211212
11211111212111111122121111111111111111111111121111211211121111111121221211111111111212211111221211111
11221121121112121122111111112212111121222112121122121112121211111211112122221111222111112112121211111
21111111111211122112211212212111122111111211112111211111221111221121211222121111111221211121221112121
11112112112121111221112122221211121111111211221112211221111111111111111111211112112111211111112221211
11111211111121111121111121112111211112211112112121111111121121111111111211222111221111121111211111211
21111222111221111211111111112111211111221211122111111212211111211211221111111121111121111111111122212
11112111112111221111111111111111112111112111122111211112121111221111111112121212122112211111222111112
11221111212111111111221112122121111212111112121111121111111112212211121111111212111111112122211111111
21211122121211111111112112221212112212211112111212111111111111112121221111211111111111211112211111121
11122122111112112212212122111111111111122121112211121121111211221111121121212121121112212111111211111
12111121112111221221112111121211211112221112111211111111111121222211111112221111111121111211221212111
21111112112111121112121221111211121111212121111111121111111112112112122211122112221221211212111121111
21211212111111111211211111111221111211121211112122211111111111111112111111111111212111221112112212121
11121212222111212111121112111111111121112211112121211212111221121211112121211112122221222221111221211
12122111121122122221211112111111211112122111111111121221111111112112111111121111111121111211111112111
11111211211212111111112121111111112122121111111221111111211121111111211111112121211121111121111211112
11122212211121111111112111212111111211111111111211211111111111121211112111111111211211111212111112211
12221111112111112122211111111111211111111111221211112211111112111112111121111111221221121112111112211
11221111112111211121211211112111111111111111112122121121111211111122121111111221111121211122111121111
11111211212111121122111111111121212111112111121112112112111121121112111112111121211211112112111211111
12121111221211221111112112111222122112111111122122122112111121212211112211121112211121112111111111112
12211111111211111222111221122111211211111212212111211112111111122211211122121111211221121112112221111
11111111212112211111122211211112112211111112121221111111112211211111111112111121121212112111121111211
11111111111121212112111212221211221211111111112111121122111111112112111221111111111221111121112211111
21211111111112111211211212111121122212111211121121111121221212211111211111222111211111211111212112211
11121121221121111211111211111111111111212111111211221111111112112121121112211112122222121111121221112
11112121211221212111111121111121212221221121121121212122111211111211111112121112111211212211111112112
12121111111111111121111122121111111221121121121112121111122212112111111111211111211221111211112121221
12111222121221121121112111111212112221121111111122111111121111222111111111211112211121112111111112111
22121121122111112111111111112121111112221112211111112111111211112121221212122112111211211121111111111
12112112111111111221112112211212211221221112111112211112211111222112112111121111121212211221211111111
11111221112122111121212221112111211111112221121121111111122212221111121211121111121121211211111121111
11111112111112211111111212111111211121111111111111112111221111111112212111221121122112211122121211111
21211111211221111121211112111112121211111111111121111111121111111111211222212212211111211121111111111
22121111112121111111222112121121111112111111121111121111121211122121112111212111211112212221222221111
12112112221212212111111111112122212221112111221211122211211221212112121111212122121212121111111111111
12121211122121211111211211111121221121121112111111212111122121212122112111111121122121111122111111111
11212122111111221212112112211122211211212111111211111111112211211111121211111122121211221221111211111
11111111111111111121111221211221112212112212212112211211121111211111111122212112122112121112212211111
12111111112111111212112111212111111112111112211111111111212211111121212211122111111111111111221222122
11212122112211121121121112121112111112112111122122111211121211111111112112212112211212112122221211111
21111111111112112111211111211221121211111121112222221121111211111112111211121112121111121211111122211
21211111212112111212121211121111121111111211211111222111111112111112111112111111111211112121122211121
12111111121111212112211111111111111211221212112111112121222121112112121121211121222211111222111122111
11111112121121212112212111221111211112112112111111111112122121111121111121112121121112112211122111111
11111211211211121121111122111121111221211111112111111112111121111112111111121111122221121111121111211
21212111112211111221122211111212211121111111112121121111111112211121111112111111111221112221111122112
12121112121112112111121211212211111121112112112111211211111111111121222111112212112111111111111111121
21111212112122121221212112121121121112121211212112111121222121121211112111212221111212111212122111112
21112121121122111121221111212122211121211211212111111211121111111212111111222111221111111112112111111
12111212111111211211111111112122111111121211121122111211111112112112212222111111121121121111112121111
21111111121211211122121122212211111122111221112221111111112112221111111211221111111111211222211211221
11121111122121112121211112112121121111212112211111111112212112111111211111211111121112211211121111111
22212211211211121111211112111112121112222111121212211121112111111111111211212111111121211111121211111
21121111122111212122111121212212211212111111111111122212111111111211221111121211121112211211111211111
11121111122121211211212111111111112111111122112111112211111222212111112212121112212121121112121111121
11122111111111111111211212212111112122211212221111111211111211211112212121212111221111112211122122111
11121211112211212111111111121211121121211121111221122111211211111211121112121122112221122111212112121
