21211121111112111211212111111121122111111211111221111111111121211111111112111122112121112121221121211
21111121112112212121112221112111212111111111112211111122122121111121211111121112211211111112111112111
22111121112111211211121111121111221121111221221122212112121111122221222111112121121121211111111112111
12112111111211112121221121211121221212221121211211112121211111121211111212111211121111112111112111121
21212111111112112112111222121111121121221112111121121211112111112121111111111121111111111111121121111
12211121212211112121111111121221121112111121221121212111111111122122122122121111221121122211221111111
21121121221111111221121111121121111111222211221111221111122112111111121111112211111112212111111111221
22112111221212211121212121112212111112211211111211211111121211121111221111211111111222111121222211122
12111121111111212212211221212111111111221211212111111221212112111122122112121222112211211111111112111
21211111121112112121122121111211111122211222111221111112122111111211122112112111112122211122111111111
11112122121111121111111122221211111111111221121121122111111111212121211111111221111121112112111122121
11121111121111121111221112121211112121121111212212112111212111111111121111111211111111112111221111122
22111111111111111112211112112111111121221121111212121221111221121211111111211122111112111112112211111
11111111222121111112212112111121121211111211112211112122121212112211211121121121221222121121211122111
11111211111111111111211111211121221111111121111111111111111112221111112121111121112111121111121112221
11112121121121111111121111111212212222111211121121211222121122111111111211121111121211111111211111111
11111221211111112111211111221111121111122111111111211111112111211211121121221211221112212112212121121
11112112111111121111111221211111111112112111111112222111121121121111112211111221112212112111212112111
11121112212111111112211111111121111221212111121111122111122212112111112111111111121112122111112111111
21121111211111111212111121212121211121122222121111211112111112112111211211111112211111122111122111111
21112122121112212122112111111212211211211121211121211221212111111111121221112112211111212111221111111
21111111112122122111121221111121121111112111211112121122221211121111111111211112112212112121111111111
11111211212121112211111211111111111121111211111121111121111111121211111111111111111222111122211211112
22111222122212111211212211112111112211121212111111111111111112111221121121111111121111211112121122212
12111211211111121211211111112121111211121211112222211221112111111121111111212111112111111111111121111
12211121112112111121121111121112211121121111121211211111211121111121121212121211112221112112112111211
12111112121211121112212112212111122211121112122221211111221221211111211121112211112121121112221121222
21111111211212212221121121222112111121211212111121112111111212111111112221112111211211112121212122111
21221111211111212111111122111121112211111221112111111111111112111111111111111111122111112112111211211
12211221111121111111111212112211211111122111111221111212111121211212222121112112111111121222112111121
11111211112111221211211121111211112211212211111111211211111112111111121111111212112211111111211211221
12211121111121111112111222112121111112211221211111111111112121112111121111111121221121211111111121111
11111221211122221211112111121111112222111111212111111221211221211122211112121212121222211212111221222
21111111122221111121111111111212112212211122122111111111122112111112111111212111111111112112212111221
11111111221211211111212111122111111121111112111111111211111122111112112112112111111111121111111211111
21121111111121112111111121111111211111111111112121221111112121112121121211111111211111111121222221212
11221211211222111211221222211121111111111112212211111121112221111112212111221111221122212221121111211
21211211121112112111122111121111112111112111211111112211121112112111121211212112111121112121211111111
12111111211112111111111121211111211111111111211112211111211112211111121111212122111112111112111111122
11212111111111112212221111111111212121212111211212111112211111111122111111111111221111211121121211121
11221111112221112112212121111111111112111211122111111111221112121211121111112122122212121221111111211
12211111111212111111111211112221112111111111111211111111212112211122111122111211111112211112122111221
11121121222111112111111121121111212212211112112122211122212211112121212211221112111111111111121211122
11111212112222211211112211221112112121212221111111111121111111221211112111111111122111111121221211111
22111112112212211111221111111121112121211111122111122211112112122111121111211212211212112111222112111
11111112111112111111111112111212211122122122121112211112111211121121212122111121211211121112111121221
21122211211211222211111111121211112211111222211221111111221212121111212112212111221112121111111212111
11121112112111111122121111222111112212122111112111111111112211111121111111111122111111111211221112112
22122122212121111121112211111111111111112111121112221111111211122211221121122111111112211211111111111
11121111211121122111212112111112211211112222122121212221211111111121212111111111111222111112111211111
21221112112111111111211122112212111111121121222222111111211112121112212112121112111111121122111222112
21121212112111221112111111111212221211111111111211111212121212211221112211211221112121112112111211111
11212121111111211111211121111212112122212111111112111121212112211112112112122112111211111112211122121
11111212221111211112222212111111122221111122111112111212212111112212111221212111111111111222112111212
21111121121111112122121111111211211122111111111211121121121111211122111111111111112112212112122111112
11111111111121211211211121121212122111122122112211121111122111212111211111112111111111112112111121121
11111111222111112112111211121112211111111111121111211111111111212112122211121211112211111222211111212
12111111111212222121121211221111111121111221112212112212112121112111111121112122112112111211111211212
11222211211121111111112122111211211112211111111112211121111112211211111111111111111111221221112112121
12111212111121111112111111221111211111111212122222111221111211112222111111111211221121121111111112121
11121212111222111111112111111111112112112211112111111112221111212111121112112111221111211122111122111
21111121121111112121111211211111222112111211112111221111111111221111112122111212111121211212222111111
11122111121112112212112211122111211121221211121112211112112212111212111112111111111121211111111111112
11122121112111122112212111211111121111211111111122112112111121112111111222121121111111112121111122211
11111111212121212221111112122212211111111111121211121111212111111111111122112121111121221211211211122
12221121211111211111122111111122112121112111111111121121111122222121111111112211121111111111121111121
11111111111112212121221112112111112212211121121111112221122111112111111122121111111111221122121121221
11221221111211222211111112121111111211111112111122111112111122121221112112111211112211221111121222121
22212111212111111211111111211111121221111211111211111211111111111111121111211111122211112111122111221
12111111221211212111112211111112111111111121122111111122111111111111112111212122221121111211111111111
12111111212221121111121112111121221112121222121111212121211121111111111211112122121121122211112111111
11111211111112121122122211111212212122121211121212111212222112111121111211122122111111111112211112111
12112112111112121121211111111212122111221121211211111111111111111111212211112111111211112212111221121
11111111221211111211122111121212212111111111111112221111111221121121211111111111111111112111222121211
11111111122111121111121111111121211111111221211111122112111121121111121122112111112112111211221112212
11221121111111122111111112211112111112111111111211221111111111111111121211111221121112121111111222111
12121211222122211122211211211111111111222122122121121211112221111111112122211221121111122121121121112
11112211122121112221212121211211112212221122111121121121221121111211221111112111211211121211211111211
21111112112111222212112212111112211112111112122111111111212111211111112211111211111111111112111121111
21111122111121111111221122121221212111211112221111211211211111122121122211121122111212121111111221122
11121122211211111111121211112212122112211111211111111111221112211111121222112111112212121111121211221
12221111212111112111211122211121121122111122211111112211122122222111221111111111112211122211211122111
11111221211111222111122211211211122212111111211112211111112121111111122121112111112211121111111211112
11111211112111122112112111211121111121111212211212112111221211111211121111111111111111122112211111211
12111111111112111111212211111211111212111112121221111112121222111122211111111112122111112212121112121
22122221111122111121211112211111211111111211211121111211111112111111111211111121112112211122111122211
11112112111111121122122121211121122112111112112122112111112111121121212111221111111112121111221111211
11111122111111112221212121112111112112212212112122122111221221211111111211211121221222121121111112111
11111211112111121211122121211112121112121211212112111212112111211121111111121121212211111211221221111
11112112111221112121221211111111221221122212122121211111221122121211211212112121111112221121212111211
12112121112112111221211111111111111111111121112211111211221112221121111121111111212222111221121221112
11211221122121121111111112112111112111121111111211112111221121121121211111212112121111111121121121111
11111121112112111122111121121121112111111111211221121111121122112111122112112122121122212212112211111
11222111212111112111111111111121222112111111112211211112212221121112111111221221212111122112112111122
11122111111111111111111221221211122111111111111211122111121111111211112111112121111211121211121111112
12111111121112221121122122211121111122211111122211112112111222121111212211211111212112112211211111121
12111111211122121111211111212122121212112111111121211211212122212111111112111211121221212212111111121
12111211121111121212121121211211111112122111111121111112222211111111121121211212211112211111112111111
11121111111111112122212112122111222111211221112112111121121212211211221211222112112111211111111211221
21112211111122221211121111211111211122112111121111111221111221111221211111111212121121121121111112112
21211212111111121112112112121221111211121111112111212111211112121111121112122121121211212121112221221
